0,-5.8,-60
0,-5.4,-55
0,-5,-55
0,-4.8,-60
0,-4.4,-45
0,-4.2,-45
0,-4,-40
0,-3.4,-80
0,-3,-30
0,-2.8,-70
0,-2.6,-30
0,-2.4,-25
0,-2,-20
0,-1.6,-15
0,-1.4,-50
0,-1.2,-85
0,-1,-65
0,-0.8,-15
0,-0.6,-5
0,-0.4,-35
0,-0.2,-100
0,3.05311e-15,-100
0,0.2,5
0,0.4,10
0,0.6,15
0,0.8,20
0,1,25
0,1.2,55
0,1.4,30
0,1.6,35
0,1.8,40
0,2,45
0,2.2,50
0,2.4,100
0,2.6,55
0,2.8,60
0,3,65
0,3.2,70
0,3.4,75
0.1,-5.8,-60
0.1,-5.4,-55
0.1,-4.8,-50
0.1,-4.4,-45
0.1,-4,-40
0.1,-3.4,-35
0.1,-3,-30
0.1,-2.4,-25
0.1,-2,-20
0.1,-1.6,-15
0.1,-1,-10
0.1,-0.6,-5
0.1,3.05311e-15,5
0.1,0.2,5
0.1,0.4,10
0.1,0.6,15
0.1,0.8,20
0.1,1,25
0.1,1.2,55
0.1,1.4,30
0.1,1.6,35
0.1,1.8,40
0.1,2,45
0.1,2.2,50
0.1,2.4,100
0.1,2.6,55
0.1,2.8,60
0.1,3,65
0.1,3.2,70
0.1,3.4,75
0.1,3.8,80
0.2,-5.8,-60
0.2,-5.4,-55
0.2,-4.8,-50
0.2,-4.4,-45
0.2,-4,-40
0.2,-3.4,-35
0.2,-3,-30
0.2,-2.4,-25
0.2,-2,-20
0.2,-1.6,-15
0.2,-1,-10
0.2,-0.6,-5
0.2,0.2,5
0.2,0.4,10
0.2,0.6,15
0.2,0.8,20
0.2,1,25
0.2,1.4,30
0.2,1.6,35
0.2,1.8,40
0.2,2,45
0.2,2.2,50
0.2,2.6,55
0.2,2.8,60
0.2,3,65
0.2,3.2,70
0.2,3.4,75
0.2,3.8,80
0.3,-5.8,-60
0.3,-5.4,-55
0.3,-4.8,-50
0.3,-4.4,-45
0.3,-4,-40
0.3,-3.4,-35
0.3,-3,-30
0.3,-2.4,-25
0.3,-2,-20
0.3,-1.6,-15
0.3,-1,-10
0.3,-0.6,-5
0.3,0.2,5
0.3,0.4,10
0.3,0.6,15
0.3,0.8,20
0.3,1,25
0.3,1.4,30
0.3,1.6,35
0.3,1.8,40
0.3,2,45
0.3,2.2,50
0.3,2.6,55
0.3,2.8,60
0.3,3,65
0.3,3.2,70
0.3,3.4,75
0.3,3.8,80
0.4,-5.8,-60
0.4,-5.4,-55
0.4,-4.8,-50
0.4,-4.4,-45
0.4,-4,-40
0.4,-3.4,-35
0.4,-3,-30
0.4,-2.4,-25
0.4,-2,-20
0.4,-1.6,-15
0.4,-1,-10
0.4,-0.6,-5
0.4,0.2,5
0.4,0.4,10
0.4,0.6,15
0.4,0.8,20
0.4,1,25
0.4,1.4,30
0.4,1.6,35
0.4,1.8,40
0.4,2,45
0.4,2.2,50
0.4,2.6,55
0.4,2.8,60
0.4,3,65
0.4,3.2,70
0.4,3.4,75
0.4,3.8,80
0.5,-5.8,-60
0.5,-5.4,-55
0.5,-4.8,-50
0.5,-4.4,-45
0.5,-4,-40
0.5,-3.4,-35
0.5,-3,-30
0.5,-2.4,-25
0.5,-2,-20
0.5,-1.6,-15
0.5,-1,-10
0.5,-0.6,-5
0.5,0.2,5
0.5,0.4,10
0.5,0.6,15
0.5,0.8,20
0.5,1,25
0.5,1.4,30
0.5,1.6,35
0.5,1.8,40
0.5,2,45
0.5,2.2,50
0.5,2.6,55
0.5,2.8,60
0.5,3,65
0.5,3.2,70
0.5,3.4,75
0.5,3.8,80
0.6,-5.8,-60
0.6,-5.4,-55
0.6,-4.8,-50
0.6,-4.4,-45
0.6,-4,-40
0.6,-3.4,-35
0.6,-3,-30
0.6,-2.4,-25
0.6,-2,-20
0.6,-1.6,-15
0.6,-1,-10
0.6,-0.6,-5
0.6,0.2,5
0.6,0.4,10
0.6,0.6,15
0.6,0.8,20
0.6,1,25
0.6,1.4,30
0.6,1.6,35
0.6,1.8,40
0.6,2,45
0.6,2.2,50
0.6,2.6,55
0.6,2.8,60
0.6,3,65
0.6,3.2,70
0.6,3.4,75
0.6,3.8,80
0.7,-5.8,-60
0.7,-5.4,-55
0.7,-4.8,-50
0.7,-4.4,-45
0.7,-4,-40
0.7,-3.4,-35
0.7,-3,-30
0.7,-2.4,-25
0.7,-2,-20
0.7,-1.6,-15
0.7,-1,-10
0.7,-0.6,-5
0.7,0.2,5
0.7,0.4,10
0.7,0.6,15
0.7,0.8,20
0.7,1,25
0.7,1.4,30
0.7,1.6,35
0.7,1.8,40
0.7,2,45
0.7,2.2,50
0.7,2.6,55
0.7,2.8,60
0.7,3,65
0.7,3.2,70
0.7,3.4,75
0.7,3.8,80
0.8,-5.8,-60
0.8,-5.4,-55
0.8,-4.8,-50
0.8,-4.4,-45
0.8,-4,-40
0.8,-3.4,-35
0.8,-3,-30
0.8,-2.4,-25
0.8,-2,-20
0.8,-1.6,-15
0.8,-1,-10
0.8,-0.6,-5
0.8,0.2,5
0.8,0.4,10
0.8,0.6,15
0.8,0.8,20
0.8,1,25
0.8,1.4,30
0.8,1.6,35
0.8,1.8,40
0.8,2,45
0.8,2.2,50
0.8,2.6,55
0.8,2.8,60
0.8,3,65
0.8,3.2,70
0.8,3.4,75
0.8,3.8,80
0.9,-5.8,-60
0.9,-5.4,-55
0.9,-4.8,-50
0.9,-4.4,-45
0.9,-4,-40
0.9,-3.4,-35
0.9,-3,-30
0.9,-2.4,-25
0.9,-2,-20
0.9,-1.6,-15
0.9,-1,-10
0.9,-0.6,-5
0.9,0.2,5
0.9,0.4,10
0.9,0.6,15
0.9,0.8,20
0.9,1,25
0.9,1.4,30
0.9,1.6,35
0.9,1.8,40
0.9,2,45
0.9,2.2,50
0.9,2.6,55
0.9,2.8,60
0.9,3,65
0.9,3.2,70
0.9,3.4,75
0.9,3.8,80
1,-5.8,-60
1,-5.4,-55
1,-4.8,-50
1,-4.4,-45
1,-4,-40
1,-3.4,-35
1,-3,-30
1,-2.4,-25
1,-2,-20
1,-1.6,-15
1,-1,-10
1,-0.6,-5
1,0.2,5
1,0.4,10
1,0.6,15
1,0.8,20
1,1,25
1,1.4,30
1,1.6,35
1,1.8,40
1,2,45
1,2.2,50
1,2.6,55
1,2.8,60
1,3,65
1,3.2,70
1,3.4,75
1,3.8,80
1.1,-5.8,-60
1.1,-5.4,-55
1.1,-4.8,-50
1.1,-4.4,-45
1.1,-4,-40
1.1,-3.4,-35
1.1,-3,-30
1.1,-2.4,-25
1.1,-2,-20
1.1,-1.6,-15
1.1,-1,-10
1.1,-0.6,-5
1.1,0.2,5
1.1,0.4,10
1.1,0.6,15
1.1,0.8,20
1.1,1,25
1.1,1.4,30
1.1,1.6,35
1.1,1.8,40
1.1,2,45
1.1,2.2,50
1.1,2.6,55
1.1,2.8,60
1.1,3,65
1.1,3.2,70
1.1,3.4,75
1.1,3.8,80
1.2,-5.8,-60
1.2,-5.4,-55
1.2,-4.8,-50
1.2,-4.4,-45
1.2,-4,-40
1.2,-3.4,-35
1.2,-3,-30
1.2,-2.4,-25
1.2,-2,-20
1.2,-1.6,-15
1.2,-1,-10
1.2,-0.6,-5
1.2,0.2,5
1.2,0.4,10
1.2,0.6,15
1.2,0.8,20
1.2,1,25
1.2,1.4,30
1.2,1.6,35
1.2,1.8,40
1.2,2,45
1.2,2.2,50
1.2,2.6,55
1.2,2.8,60
1.2,3,65
1.2,3.2,70
1.2,3.4,75
1.2,3.8,80
1.3,-5.8,-60
1.3,-5.4,-55
1.3,-4.8,-50
1.3,-4.4,-45
1.3,-4,-40
1.3,-3.4,-35
1.3,-3,-30
1.3,-2.4,-25
1.3,-2,-20
1.3,-1.6,-15
1.3,-1,-10
1.3,-0.6,-5
1.3,0.2,5
1.3,0.4,10
1.3,0.6,15
1.3,0.8,20
1.3,1,25
1.3,1.4,30
1.3,1.6,35
1.3,1.8,40
1.3,2,45
1.3,2.2,50
1.3,2.6,55
1.3,2.8,60
1.3,3,65
1.3,3.2,70
1.3,3.4,75
1.3,3.8,80
1.4,-5.8,-60
1.4,-5.4,-55
1.4,-4.8,-50
1.4,-4.4,-45
1.4,-4,-40
1.4,-3.4,-35
1.4,-3,-30
1.4,-2.4,-25
1.4,-2,-20
1.4,-1.6,-15
1.4,-1,-10
1.4,-0.6,-5
1.4,0.2,5
1.4,0.4,10
1.4,0.6,15
1.4,0.8,20
1.4,1,25
1.4,1.4,30
1.4,1.6,35
1.4,1.8,40
1.4,2,45
1.4,2.2,50
1.4,2.6,55
1.4,2.8,60
1.4,3,65
1.4,3.2,70
1.4,3.4,75
1.4,3.8,80
1.5,-5.8,-60
1.5,-5.4,-55
1.5,-4.8,-50
1.5,-4.4,-45
1.5,-4,-40
1.5,-3.4,-35
1.5,-3,-30
1.5,-2.4,-25
1.5,-2,-20
1.5,-1.6,-15
1.5,-1,-10
1.5,-0.6,-5
1.5,0.2,5
1.5,0.4,10
1.5,0.6,15
1.5,0.8,20
1.5,1,25
1.5,1.4,30
1.5,1.6,35
1.5,1.8,40
1.5,2,45
1.5,2.2,50
1.5,2.6,55
1.5,2.8,60
1.5,3,65
1.5,3.2,70
1.5,3.4,75
1.5,3.8,80
1.6,-5.8,-60
1.6,-5.4,-55
1.6,-4.8,-50
1.6,-4.4,-45
1.6,-4,-40
1.6,-3.4,-35
1.6,-3,-30
1.6,-2.4,-25
1.6,-2,-20
1.6,-1.6,-15
1.6,-1,-10
1.6,-0.6,-5
1.6,0.2,5
1.6,0.4,10
1.6,0.6,15
1.6,0.8,20
1.6,1,25
1.6,1.4,30
1.6,1.6,35
1.6,1.8,40
1.6,2,45
1.6,2.2,50
1.6,2.6,55
1.6,2.8,60
1.6,3,65
1.6,3.2,70
1.6,3.4,75
1.6,3.8,80
1.7,-5.8,-60
1.7,-5.4,-55
1.7,-4.8,-50
1.7,-4.4,-45
1.7,-4,-40
1.7,-3.4,-35
1.7,-3,-30
1.7,-2.4,-25
1.7,-2,-20
1.7,-1.6,-15
1.7,-1,-10
1.7,-0.6,-5
1.7,0.2,5
1.7,0.4,10
1.7,0.6,15
1.7,0.8,20
1.7,1,25
1.7,1.4,30
1.7,1.6,35
1.7,1.8,40
1.7,2,45
1.7,2.2,50
1.7,2.6,55
1.7,2.8,60
1.7,3,65
1.7,3.2,70
1.7,3.4,75
1.7,3.8,80
1.8,-5.8,-60
1.8,-5.4,-55
1.8,-4.8,-50
1.8,-4.4,-45
1.8,-4,-40
1.8,-3.4,-35
1.8,-3,-30
1.8,-2.4,-25
1.8,-2,-20
1.8,-1.6,-15
1.8,-1,-10
1.8,-0.6,-5
1.8,0.2,5
1.8,0.4,10
1.8,0.6,15
1.8,0.8,20
1.8,1,25
1.8,1.4,30
1.8,1.6,35
1.8,1.8,40
1.8,2,45
1.8,2.2,50
1.8,2.6,55
1.8,2.8,60
1.8,3,65
1.8,3.2,70
1.8,3.4,75
1.8,3.8,80
1.9,-5.8,-60
1.9,-5.4,-55
1.9,-4.8,-50
1.9,-4.4,-45
1.9,-4,-40
1.9,-3.4,-35
1.9,-3,-30
1.9,-2.4,-25
1.9,-2,-20
1.9,-1.6,-15
1.9,-1,-10
1.9,-0.6,-5
1.9,0.2,5
1.9,0.4,10
1.9,0.6,15
1.9,0.8,20
1.9,1,25
1.9,1.4,30
1.9,1.6,35
1.9,1.8,40
1.9,2,45
1.9,2.2,50
1.9,2.6,55
1.9,2.8,60
1.9,3,65
1.9,3.2,70
1.9,3.4,75
1.9,3.8,80
2,-5.8,-60
2,-5.4,-55
2,-4.8,-50
2,-4.4,-45
2,-4,-40
2,-3.4,-35
2,-3,-30
2,-2.4,-25
2,-2,-20
2,-1.6,-15
2,-1,-10
2,-0.6,-5
2,0.2,5
2,0.4,10
2,0.6,15
2,0.8,20
2,1,25
2,1.4,30
2,1.6,35
2,1.8,40
2,2,45
2,2.2,50
2,2.6,55
2,2.8,60
2,3,65
2,3.2,70
2,3.4,75
2,3.8,80
2.1,-5.8,-60
2.1,-5.4,-55
2.1,-4.8,-50
2.1,-4.4,-45
2.1,-4,-40
2.1,-3.4,-35
2.1,-3,-30
2.1,-2.4,-25
2.1,-2,-20
2.1,-1.6,-15
2.1,-1,-10
2.1,-0.6,-5
2.1,0.2,5
2.1,0.4,10
2.1,0.6,15
2.1,0.8,20
2.1,1,25
2.1,1.4,30
2.1,1.6,35
2.1,1.8,40
2.1,2,45
2.1,2.2,50
2.1,2.6,55
2.1,2.8,60
2.1,3,65
2.1,3.2,70
2.1,3.4,75
2.1,3.8,80
2.2,-5.8,-60
2.2,-5.4,-55
2.2,-4.8,-50
2.2,-4.4,-45
2.2,-4,-40
2.2,-3.4,-35
2.2,-3,-30
2.2,-2.4,-25
2.2,-2,-20
2.2,-1.6,-15
2.2,-1,-10
2.2,-0.6,-5
2.2,0.2,5
2.2,0.4,10
2.2,0.6,15
2.2,0.8,20
2.2,1,25
2.2,1.4,30
2.2,1.6,35
2.2,1.8,40
2.2,2,45
2.2,2.2,50
2.2,2.6,55
2.2,2.8,60
2.2,3,65
2.2,3.2,70
2.2,3.4,75
2.2,3.8,80
2.3,-5.8,-60
2.3,-5.4,-55
2.3,-4.8,-50
2.3,-4.4,-45
2.3,-4,-40
2.3,-3.4,-35
2.3,-3,-30
2.3,-2.4,-25
2.3,-2,-20
2.3,-1.6,-15
2.3,-1,-10
2.3,-0.6,-5
2.3,0.2,5
2.3,0.4,10
2.3,0.6,15
2.3,0.8,20
2.3,1,25
2.3,1.4,30
2.3,1.6,35
2.3,1.8,40
2.3,2,45
2.3,2.2,50
2.3,2.6,55
2.3,2.8,60
2.3,3,65
2.3,3.2,70
2.3,3.4,75
2.3,3.8,80
2.4,-5.8,-60
2.4,-5.4,-55
2.4,-4.8,-50
2.4,-4.4,-45
2.4,-4,-40
2.4,-3.4,-35
2.4,-3,-30
2.4,-2.4,-25
2.4,-2,-20
2.4,-1.6,-15
2.4,-1,-10
2.4,-0.6,-5
2.4,0.2,5
2.4,0.4,10
2.4,0.6,15
2.4,0.8,20
2.4,1,25
2.4,1.4,30
2.4,1.6,35
2.4,1.8,40
2.4,2,45
2.4,2.2,50
2.4,2.6,55
2.4,2.8,60
2.4,3,65
2.4,3.2,70
2.4,3.4,75
2.4,3.8,80
2.5,-5.8,-60
2.5,-5.4,-55
2.5,-4.8,-50
2.5,-4.4,-45
2.5,-4,-40
2.5,-3.4,-35
2.5,-3,-30
2.5,-2.4,-25
2.5,-2,-20
2.5,-1.6,-15
2.5,-1,-10
2.5,-0.6,-5
2.5,0.2,5
2.5,0.4,10
2.5,0.6,15
2.5,0.8,20
2.5,1,25
2.5,1.4,30
2.5,1.6,35
2.5,1.8,40
2.5,2,45
2.5,2.2,50
2.5,2.6,55
2.5,2.8,60
2.5,3,65
2.5,3.2,70
2.5,3.4,75
2.5,3.8,80
2.6,-5.8,-60
2.6,-5.4,-55
2.6,-4.8,-50
2.6,-4.4,-45
2.6,-4,-40
2.6,-3.4,-35
2.6,-3,-30
2.6,-2.4,-25
2.6,-2,-20
2.6,-1.6,-15
2.6,-1,-10
2.6,-0.6,-5
2.6,0.2,5
2.6,0.4,10
2.6,0.6,15
2.6,0.8,20
2.6,1,25
2.6,1.4,30
2.6,1.6,35
2.6,1.8,40
2.6,2,45
2.6,2.2,50
2.6,2.6,55
2.6,2.8,60
2.6,3,65
2.6,3.2,70
2.6,3.4,75
2.6,3.8,80
2.7,-5.8,-60
2.7,-5.4,-55
2.7,-4.8,-50
2.7,-4.4,-45
2.7,-4,-40
2.7,-3.4,-35
2.7,-3,-30
2.7,-2.4,-25
2.7,-2,-20
2.7,-1.6,-15
2.7,-1,-10
2.7,-0.6,-5
2.7,0.2,5
2.7,0.4,10
2.7,0.6,15
2.7,0.8,20
2.7,1,25
2.7,1.4,30
2.7,1.6,35
2.7,1.8,40
2.7,2,45
2.7,2.2,50
2.7,2.6,55
2.7,2.8,60
2.7,3,65
2.7,3.2,70
2.7,3.4,75
2.7,3.8,80
2.8,-5.8,-60
2.8,-5.4,-55
2.8,-4.8,-50
2.8,-4.4,-45
2.8,-4,-40
2.8,-3.4,-35
2.8,-3,-30
2.8,-2.4,-25
2.8,-2,-20
2.8,-1.6,-15
2.8,-1,-10
2.8,-0.6,-5
2.8,0.2,5
2.8,0.4,10
2.8,0.6,15
2.8,0.8,20
2.8,1,25
2.8,1.4,30
2.8,1.6,35
2.8,1.8,40
2.8,2,45
2.8,2.2,50
2.8,2.6,55
2.8,2.8,60
2.8,3,65
2.8,3.2,70
2.8,3.4,75
2.8,3.8,80
2.9,-5.8,-60
2.9,-5.4,-55
2.9,-4.8,-50
2.9,-4.4,-45
2.9,-4,-40
2.9,-3.4,-35
2.9,-3,-30
2.9,-2.4,-25
2.9,-2,-20
2.9,-1.6,-15
2.9,-1,-10
2.9,-0.6,-5
2.9,0.2,5
2.9,0.4,10
2.9,0.6,15
2.9,0.8,20
2.9,1,25
2.9,1.4,30
2.9,1.6,35
2.9,1.8,40
2.9,2,45
2.9,2.2,50
2.9,2.6,55
2.9,2.8,60
2.9,3,65
2.9,3.2,70
2.9,3.4,75
2.9,3.8,80
3,-5.8,-60
3,-5.4,-55
3,-4.8,-50
3,-4.4,-45
3,-4,-40
3,-3.4,-35
3,-3,-30
3,-2.4,-25
3,-2,-20
3,-1.6,-15
3,-1,-10
3,-0.6,-5
3,0.2,5
3,0.4,10
3,0.6,15
3,0.8,20
3,1,25
3,1.4,30
3,1.6,35
3,1.8,40
3,2,45
3,2.2,50
3,2.6,55
3,2.8,60
3,3,65
3,3.2,70
3,3.4,75
3,3.8,80
3.1,-5.8,-60
3.1,-5.4,-55
3.1,-4.8,-50
3.1,-4.4,-45
3.1,-4,-40
3.1,-3.4,-35
3.1,-3,-30
3.1,-2.4,-25
3.1,-2,-20
3.1,-1.6,-15
3.1,-1,-10
3.1,-0.6,-5
3.1,0.2,5
3.1,0.4,10
3.1,0.6,15
3.1,0.8,20
3.1,1,25
3.1,1.4,30
3.1,1.6,35
3.1,1.8,40
3.1,2,45
3.1,2.2,50
3.1,2.6,55
3.1,2.8,60
3.1,3,65
3.1,3.2,70
3.1,3.4,75
3.1,3.8,80
3.2,-5.8,-60
3.2,-5.4,-55
3.2,-4.8,-50
3.2,-4.4,-45
3.2,-4,-40
3.2,-3.4,-35
3.2,-3,-30
3.2,-2.4,-25
3.2,-2,-20
3.2,-1.6,-15
3.2,-1,-10
3.2,-0.6,-5
3.2,0.2,5
3.2,0.4,10
3.2,0.6,15
3.2,0.8,20
3.2,1,25
3.2,1.4,30
3.2,1.6,35
3.2,1.8,40
3.2,2,45
3.2,2.2,50
3.2,2.6,55
3.2,2.8,60
3.2,3,65
3.2,3.2,70
3.2,3.4,75
3.2,3.8,80
3.3,-5.8,-60
3.3,-5.4,-55
3.3,-4.8,-50
3.3,-4.4,-45
3.3,-4,-40
3.3,-3.4,-35
3.3,-3,-30
3.3,-2.4,-25
3.3,-2,-20
3.3,-1.6,-15
3.3,-1,-10
3.3,-0.6,-5
3.3,0.2,5
3.3,0.4,10
3.3,0.6,15
3.3,0.8,20
3.3,1,25
3.3,1.4,30
3.3,1.6,35
3.3,1.8,40
3.3,2,45
3.3,2.2,50
3.3,2.6,55
3.3,2.8,60
3.3,3,65
3.3,3.2,70
3.3,3.4,75
3.3,3.8,80
3.4,-5.8,-60
3.4,-5.4,-55
3.4,-4.8,-50
3.4,-4.4,-45
3.4,-4,-40
3.4,-3.4,-35
3.4,-3,-30
3.4,-2.4,-25
3.4,-2,-20
3.4,-1.6,-15
3.4,-1,-10
3.4,-0.6,-5
3.4,0.2,5
3.4,0.4,10
3.4,0.6,15
3.4,0.8,20
3.4,1,25
3.4,1.4,30
3.4,1.6,35
3.4,1.8,40
3.4,2,45
3.4,2.2,50
3.4,2.6,55
3.4,2.8,60
3.4,3,65
3.4,3.2,70
3.4,3.4,75
3.4,3.8,80
3.5,-5.8,-60
3.5,-5.4,-55
3.5,-4.8,-50
3.5,-4.4,-45
3.5,-4,-40
3.5,-3.4,-35
3.5,-3,-30
3.5,-2.4,-25
3.5,-2,-20
3.5,-1.6,-15
3.5,-1,-10
3.5,-0.6,-5
3.5,0.2,5
3.5,0.4,10
3.5,0.6,15
3.5,0.8,20
3.5,1,25
3.5,1.4,30
3.5,1.6,35
3.5,1.8,40
3.5,2,45
3.5,2.2,50
3.5,2.6,55
3.5,2.8,60
3.5,3,65
3.5,3.2,70
3.5,3.4,75
3.5,3.8,80
3.6,-5.8,-60
3.6,-5.4,-55
3.6,-4.8,-50
3.6,-4.4,-45
3.6,-4,-40
3.6,-3.4,-35
3.6,-3,-30
3.6,-2.4,-25
3.6,-2,-20
3.6,-1.6,-15
3.6,-1,-10
3.6,-0.6,-5
3.6,0.2,5
3.6,0.4,10
3.6,0.6,15
3.6,0.8,20
3.6,1,25
3.6,1.4,30
3.6,1.6,35
3.6,1.8,40
3.6,2,45
3.6,2.2,50
3.6,2.6,55
3.6,2.8,60
3.6,3,65
3.6,3.2,70
3.6,3.4,75
3.6,3.8,80
3.7,-5.8,-60
3.7,-5.4,-55
3.7,-4.8,-50
3.7,-4.4,-45
3.7,-4,-40
3.7,-3.4,-35
3.7,-3,-30
3.7,-2.4,-25
3.7,-2,-20
3.7,-1.6,-15
3.7,-1,-10
3.7,-0.6,-5
3.7,0.2,5
3.7,0.4,10
3.7,0.6,15
3.7,0.8,20
3.7,1,25
3.7,1.4,30
3.7,1.6,35
3.7,1.8,40
3.7,2,45
3.7,2.2,50
3.7,2.6,55
3.7,2.8,60
3.7,3,65
3.7,3.2,70
3.7,3.4,75
3.7,3.8,80
3.8,-5.8,-60
3.8,-5.4,-55
3.8,-4.8,-50
3.8,-4.4,-45
3.8,-4,-40
3.8,-3.4,-35
3.8,-3,-30
3.8,-2.4,-25
3.8,-2,-20
3.8,-1.6,-15
3.8,-1,-10
3.8,-0.6,-5
3.8,0.2,5
3.8,0.4,10
3.8,0.6,15
3.8,0.8,20
3.8,1,25
3.8,1.4,30
3.8,1.6,35
3.8,1.8,40
3.8,2,45
3.8,2.2,50
3.8,2.6,55
3.8,2.8,60
3.8,3,65
3.8,3.2,70
3.8,3.4,75
3.8,3.8,80
3.9,-5.8,-60
3.9,-5.4,-55
3.9,-4.8,-50
3.9,-4.4,-45
3.9,-4,-40
3.9,-3.4,-35
3.9,-3,-30
3.9,-2.4,-25
3.9,-2,-20
3.9,-1.6,-15
3.9,-1,-10
3.9,-0.6,-5
3.9,0.2,5
3.9,0.4,10
3.9,0.6,15
3.9,0.8,20
3.9,1,25
3.9,1.4,30
3.9,1.6,35
3.9,1.8,40
3.9,2,45
3.9,2.2,50
3.9,2.6,55
3.9,2.8,60
3.9,3,65
3.9,3.2,70
3.9,3.4,75
3.9,3.8,80
4,-5.8,-60
4,-5.4,-55
4,-4.8,-50
4,-4.4,-45
4,-4,-40
4,-3.4,-35
4,-3,-30
4,-2.4,-25
4,-2,-20
4,-1.6,-15
4,-1,-10
4,-0.6,-5
4,0.2,5
4,0.4,10
4,0.6,15
4,0.8,20
4,1,25
4,1.4,30
4,1.6,35
4,1.8,40
4,2,45
4,2.2,50
4,2.6,55
4,2.8,60
4,3,65
4,3.2,70
4,3.4,75
4,3.8,80
4.1,-5.8,-60
4.1,-5.4,-55
4.1,-4.8,-50
4.1,-4.4,-45
4.1,-4,-40
4.1,-3.4,-35
4.1,-3,-30
4.1,-2.4,-25
4.1,-2,-20
4.1,-1.6,-15
4.1,-1,-10
4.1,-0.6,-5
4.1,0.2,5
4.1,0.4,10
4.1,0.6,15
4.1,0.8,20
4.1,1,25
4.1,1.4,30
4.1,1.6,35
4.1,1.8,40
4.1,2,45
4.1,2.2,50
4.1,2.6,55
4.1,2.8,60
4.1,3,65
4.1,3.2,70
4.1,3.4,75
4.1,3.8,80
4.2,-5.8,-60
4.2,-5.4,-55
4.2,-4.8,-50
4.2,-4.4,-45
4.2,-4,-40
4.2,-3.4,-35
4.2,-3,-30
4.2,-2.4,-25
4.2,-2,-20
4.2,-1.6,-15
4.2,-1,-10
4.2,-0.6,-5
4.2,0.2,5
4.2,0.4,10
4.2,0.6,15
4.2,0.8,20
4.2,1,25
4.2,1.4,30
4.2,1.6,35
4.2,1.8,40
4.2,2,45
4.2,2.2,50
4.2,2.6,55
4.2,2.8,60
4.2,3,65
4.2,3.2,70
4.2,3.4,75
4.2,3.8,80
4.3,-5.8,-60
4.3,-5.4,-55
4.3,-4.8,-50
4.3,-4.4,-45
4.3,-4,-40
4.3,-3.4,-35
4.3,-3,-30
4.3,-2.4,-25
4.3,-2,-20
4.3,-1.6,-15
4.3,-1,-10
4.3,-0.6,-5
4.3,0.2,5
4.3,0.4,10
4.3,0.6,15
4.3,0.8,20
4.3,1,25
4.3,1.4,30
4.3,1.6,35
4.3,1.8,40
4.3,2,45
4.3,2.2,50
4.3,2.6,55
4.3,2.8,60
4.3,3,65
4.3,3.2,70
4.3,3.4,75
4.3,3.8,80
4.4,-5.8,-60
4.4,-5.4,-55
4.4,-4.8,-50
4.4,-4.4,-45
4.4,-4,-40
4.4,-3.4,-35
4.4,-3,-30
4.4,-2.4,-25
4.4,-2,-20
4.4,-1.6,-15
4.4,-1,-10
4.4,-0.6,-5
4.4,0.2,5
4.4,0.4,10
4.4,0.6,15
4.4,0.8,20
4.4,1,25
4.4,1.4,30
4.4,1.6,35
4.4,1.8,40
4.4,2,45
4.4,2.2,50
4.4,2.6,55
4.4,2.8,60
4.4,3,65
4.4,3.2,70
4.4,3.4,75
4.4,3.8,80
4.5,-5.8,-60
4.5,-5.4,-55
4.5,-4.8,-50
4.5,-4.4,-45
4.5,-4,-40
4.5,-3.4,-35
4.5,-3,-30
4.5,-2.4,-25
4.5,-2,-20
4.5,-1.6,-15
4.5,-1,-10
4.5,-0.6,-5
4.5,0.2,5
4.5,0.4,10
4.5,0.6,15
4.5,0.8,20
4.5,1,25
4.5,1.4,30
4.5,1.6,35
4.5,1.8,40
4.5,2,45
4.5,2.2,50
4.5,2.6,55
4.5,2.8,60
4.5,3,65
4.5,3.2,70
4.5,3.4,75
4.5,3.8,80
4.6,-5.8,-60
4.6,-5.4,-55
4.6,-4.8,-50
4.6,-4.4,-45
4.6,-4,-40
4.6,-3.4,-35
4.6,-3,-30
4.6,-2.4,-25
4.6,-2,-20
4.6,-1.6,-15
4.6,-1,-10
4.6,-0.6,-5
4.6,0.2,5
4.6,0.4,10
4.6,0.6,15
4.6,0.8,20
4.6,1,25
4.6,1.4,30
4.6,1.6,35
4.6,1.8,40
4.6,2,45
4.6,2.2,50
4.6,2.6,55
4.6,2.8,60
4.6,3,65
4.6,3.2,70
4.6,3.4,75
4.6,3.8,80
4.7,-5.8,-60
4.7,-5.4,-55
4.7,-4.8,-50
4.7,-4.4,-45
4.7,-4,-40
4.7,-3.4,-35
4.7,-3,-30
4.7,-2.4,-25
4.7,-2,-20
4.7,-1.6,-15
4.7,-1,-10
4.7,-0.6,-5
4.7,0.2,5
4.7,0.4,10
4.7,0.6,15
4.7,0.8,20
4.7,1,25
4.7,1.4,30
4.7,1.6,35
4.7,1.8,40
4.7,2,45
4.7,2.2,50
4.7,2.6,55
4.7,2.8,60
4.7,3,65
4.7,3.2,70
4.7,3.4,75
4.7,3.8,80
4.8,-5.8,-60
4.8,-5.4,-55
4.8,-4.8,-50
4.8,-4.4,-45
4.8,-4,-40
4.8,-3.4,-35
4.8,-3,-30
4.8,-2.4,-25
4.8,-2,-20
4.8,-1.6,-15
4.8,-1,-10
4.8,-0.6,-5
4.8,0.2,5
4.8,0.4,10
4.8,0.6,15
4.8,0.8,20
4.8,1,25
4.8,1.2,30
4.8,1.4,30
4.8,1.6,35
4.8,1.8,40
4.8,2,45
4.8,2.2,50
4.8,2.4,55
4.8,2.6,55
4.8,2.8,60
4.8,3,65
4.8,3.2,70
4.8,3.4,75
4.8,3.6,80
4.8,3.8,80
4.9,-5.8,-60
4.9,-5.4,-55
4.9,-4.8,-50
4.9,-4.4,-45
4.9,-4,-40
4.9,-3.4,-35
4.9,-3,-30
4.9,-2.4,-25
4.9,-2,-20
4.9,-1.6,-15
4.9,-1,-10
4.9,-0.6,-5
4.9,3.05311e-15,5
4.9,0.2,5
4.9,0.4,10
4.9,0.6,15
4.9,0.8,20
4.9,1,25
4.9,1.2,30
4.9,1.4,35
4.9,1.6,35
4.9,1.8,40
4.9,2,45
4.9,2.2,50
4.9,2.4,55
4.9,2.6,55
4.9,2.8,60
4.9,3,65
4.9,3.2,70
4.9,3.4,75
4.9,3.6,80
4.9,3.8,80
5,-5.8,-60
5,-5.4,-55
5,-4.8,-50
5,-4.4,-45
5,-4,-40
5,-3.4,-35
5,-3,-30
5,-2.4,-25
5,-2,-20
5,-1.6,-15
5,-1,-10
5,-0.6,-5
5,3.05311e-15,5
5,0.2,5
5,0.4,10
5,0.6,15
5,0.8,20
5,1,25
5,1.2,30
5,1.4,35
5,1.6,35
5,1.8,40
5,2,45
5,2.2,50
5,2.4,55
5,2.6,60
5,2.8,65
5,3,65
5,3.2,70
5,3.4,75
5,3.6,80
5,3.8,85
5.1,-5.8,-60
5.1,-5.4,-55
5.1,-4.8,-50
5.1,-4.4,-45
5.1,-4,-40
5.1,-3.4,-35
5.1,-3,-30
5.1,-2.4,-25
5.1,-2,-20
5.1,-1.6,-15
5.1,-1,-10
5.1,-0.6,-5
5.1,3.05311e-15,5
5.1,0.4,10
5.1,0.6,15
5.1,0.8,20
5.1,1,25
5.1,1.2,30
5.1,1.4,35
5.1,1.6,40
5.1,1.8,40
5.1,2,45
5.1,2.2,50
5.1,2.4,55
5.1,2.6,60
5.1,2.8,65
5.1,3,70
5.1,3.2,75
5.1,3.4,75
5.1,3.6,80
5.1,3.8,85
5.2,-5.8,-60
5.2,-5.4,-55
5.2,-4.8,-50
5.2,-4.4,-45
5.2,-4,-40
5.2,-3.4,-35
5.2,-3,-30
5.2,-2.4,-25
5.2,-2,-20
5.2,-1.6,-15
5.2,-1,-10
5.2,-0.6,-5
5.2,3.05311e-15,5
5.2,0.4,10
5.2,0.6,15
5.2,0.8,20
5.2,1,25
5.2,1.2,30
5.2,1.4,35
5.2,1.6,40
5.2,1.8,45
5.2,2,45
5.2,2.2,55
5.2,2.4,55
5.2,2.6,60
5.2,2.8,65
5.2,3,70
5.2,3.2,75
5.2,3.4,80
5.2,3.6,85
5.2,3.8,85
5.3,-5.8,-60
5.3,-5.4,-55
5.3,-4.8,-50
5.3,-4.4,-45
5.3,-4,-40
5.3,-3.4,-35
5.3,-3,-30
5.3,-2.4,-25
5.3,-2,-20
5.3,-1.6,-15
5.3,-1,-10
5.3,-0.6,-5
5.3,3.05311e-15,5
5.3,0.4,10
5.3,0.6,15
5.3,0.8,20
5.3,1,25
5.3,1.2,30
5.3,1.4,35
5.3,1.6,40
5.3,1.8,45
5.3,2,50
5.3,2.2,55
5.3,2.4,60
5.3,2.6,65
5.3,2.8,65
5.3,3,70
5.3,3.2,75
5.3,3.4,80
5.3,3.6,85
5.3,3.8,90
5.4,-5.8,-60
5.4,-5.4,-55
5.4,-4.8,-50
5.4,-4.4,-45
5.4,-4,-40
5.4,-3.4,-35
5.4,-3,-30
5.4,-2.4,-25
5.4,-2,-20
5.4,-1.6,-15
5.4,-1,-10
5.4,-0.6,-5
5.4,3.05311e-15,5
5.4,0.4,10
5.4,0.6,15
5.4,0.8,20
5.4,1,25
5.4,1.2,30
5.4,1.4,35
5.4,1.6,40
5.4,1.8,45
5.4,2,50
5.4,2.2,55
5.4,2.4,60
5.4,2.6,65
5.4,2.8,70
5.4,3,75
5.4,3.2,75
5.4,3.4,80
5.4,3.6,85
5.4,3.8,90
5.5,-5.8,-60
5.5,-5.4,-55
5.5,-4.8,-50
5.5,-4.4,-45
5.5,-4,-40
5.5,-3.4,-35
5.5,-3,-30
5.5,-2.4,-25
5.5,-2,-20
5.5,-1.6,-15
5.5,-1,-10
5.5,-0.6,-5
5.5,3.05311e-15,5
5.5,0.4,10
5.5,0.6,15
5.5,0.8,20
5.5,1,25
5.5,1.2,30
5.5,1.4,35
5.5,1.6,40
5.5,1.8,45
5.5,2,50
5.5,2.2,55
5.5,2.4,60
5.5,2.6,65
5.5,2.8,70
5.5,3,75
5.5,3.2,80
5.5,3.4,85
5.5,3.6,90
5.5,3.8,95
5.6,-5.8,-60
5.6,-5.4,-55
5.6,-4.8,-50
5.6,-4.4,-45
5.6,-4,-40
5.6,-3.4,-35
5.6,-3,-30
5.6,-2.4,-25
5.6,-2,-20
5.6,-1.6,-15
5.6,-1,-10
5.6,-0.6,-5
5.6,3.05311e-15,5
5.6,0.4,10
5.6,0.6,20
5.6,0.8,25
5.6,1,25
5.6,1.2,30
5.6,1.4,35
5.6,1.6,40
5.6,1.8,45
5.6,2,50
5.6,2.2,55
5.6,2.4,60
5.6,2.6,65
5.6,2.8,70
5.6,3,75
5.6,3.2,80
5.6,3.4,85
5.6,3.6,90
5.6,3.8,95
5.7,-5.8,-60
5.7,-5.4,-55
5.7,-4.8,-50
5.7,-4.4,-45
5.7,-4,-40
5.7,-3.4,-35
5.7,-3,-30
5.7,-2.4,-25
5.7,-2,-20
5.7,-1.6,-15
5.7,-1,-10
5.7,-0.6,-5
5.7,3.05311e-15,5
5.7,0.4,10
5.7,0.6,20
5.7,0.8,25
5.7,1,30
5.7,1.2,35
5.7,1.4,40
5.7,1.6,45
5.7,1.8,45
5.7,2,50
5.7,2.2,55
5.7,2.4,60
5.7,2.6,65
5.7,2.8,70
5.7,3,75
5.7,3.2,80
5.7,3.4,85
5.7,3.6,90
5.7,3.8,95
5.8,-5.8,-60
5.8,-5.4,-55
5.8,-4.8,-50
5.8,-4.4,-45
5.8,-4,-40
5.8,-3.4,-35
5.8,-3,-30
5.8,-2.4,-25
5.8,-2,-20
5.8,-1.6,-15
5.8,-1,-10
5.8,-0.6,-5
5.8,3.05311e-15,5
5.8,0.2,10
5.8,0.4,10
5.8,0.6,20
5.8,0.8,25
5.8,1,30
5.8,1.2,35
5.8,1.4,40
5.8,1.6,45
5.8,1.8,50
5.8,2,55
5.8,2.2,60
5.8,2.4,65
5.8,2.6,70
5.8,2.8,75
5.8,3,80
5.8,3.2,85
5.8,3.4,85
5.8,3.6,95
5.8,3.8,100
5.9,-5.8,-60
5.9,-5.4,-55
5.9,-4.8,-50
5.9,-4.4,-45
5.9,-4,-40
5.9,-3.4,-35
5.9,-3,-30
5.9,-2.4,-25
5.9,-2,-20
5.9,-1.6,-15
5.9,-1,-10
5.9,-0.6,-5
5.9,3.05311e-15,5
5.9,0.2,10
5.9,0.4,10
5.9,0.6,20
5.9,0.8,25
5.9,1,30
5.9,1.2,35
5.9,1.4,40
5.9,1.6,45
5.9,1.8,50
5.9,2,55
5.9,2.2,60
5.9,2.4,65
5.9,2.6,70
5.9,2.8,75
5.9,3,80
5.9,3.2,85
5.9,3.4,90
5.9,3.6,95
5.9,3.8,100
6,-5.8,-60
6,-5.4,-55
6,-4.8,-50
6,-4.4,-45
6,-4,-40
6,-3.4,-35
6,-3,-30
6,-2.4,-25
6,-2,-20
6,-1.6,-15
6,-1,-10
6,-0.6,-5
6,3.05311e-15,5
6,0.2,10
6,0.4,15
6,0.6,20
6,0.8,25
6,1,30
6,1.2,35
6,1.4,40
6,1.6,45
6,1.8,50
6,2,55
6,2.2,60
6,2.4,65
6,2.6,70
6,2.8,75
6,3,80
6,3.2,85
6,3.4,90
6,3.6,95
6,3.8,100
6.1,-5.8,-60
6.1,-5.4,-55
6.1,-4.8,-50
6.1,-4.4,-45
6.1,-4,-40
6.1,-3.4,-35
6.1,-3,-30
6.1,-2.4,-25
6.1,-2,-20
6.1,-1.6,-15
6.1,-1,-10
6.1,-0.6,-5
6.1,3.05311e-15,5
6.1,0.2,10
6.1,0.4,15
6.1,0.6,20
6.1,0.8,25
6.1,1,30
6.1,1.2,35
6.1,1.4,40
6.1,1.6,45
6.1,1.8,50
6.1,2,55
6.1,2.2,60
6.1,2.4,65
6.1,2.6,70
6.1,2.8,75
6.1,3,80
6.1,3.2,85
6.1,3.4,95
6.1,3.6,100
6.2,-5.8,-60
6.2,-5.4,-55
6.2,-4.8,-50
6.2,-4.4,-45
6.2,-4,-40
6.2,-3.4,-35
6.2,-3,-30
6.2,-2.4,-25
6.2,-2,-20
6.2,-1.6,-15
6.2,-1,-10
6.2,-0.6,-5
6.2,3.05311e-15,5
6.2,0.2,10
6.2,0.4,15
6.2,0.6,20
6.2,0.8,25
6.2,1,30
6.2,1.2,35
6.2,1.4,40
6.2,1.6,45
6.2,1.8,50
6.2,2,55
6.2,2.2,60
6.2,2.4,65
6.2,2.6,75
6.2,2.8,80
6.2,3,85
6.2,3.2,90
6.2,3.4,95
6.2,3.6,100
6.3,-5.8,-60
6.3,-5.4,-55
6.3,-4.8,-50
6.3,-4.4,-45
6.3,-4,-40
6.3,-3.4,-35
6.3,-3,-30
6.3,-2.4,-25
6.3,-2,-20
6.3,-1.6,-15
6.3,-1,-10
6.3,-0.6,-5
6.3,3.05311e-15,5
6.3,0.2,10
6.3,0.4,15
6.3,0.6,20
6.3,0.8,25
6.3,1,30
6.3,1.2,35
6.3,1.4,40
6.3,1.6,45
6.3,1.8,50
6.3,2,60
6.3,2.2,65
6.3,2.4,70
6.3,2.6,75
6.3,2.8,80
6.3,3,85
6.3,3.2,90
6.3,3.4,95
6.3,3.6,100
6.4,-5.8,-60
6.4,-5.4,-55
6.4,-4.8,-50
6.4,-4.4,-45
6.4,-4,-40
6.4,-3.4,-35
6.4,-3,-30
6.4,-2.4,-25
6.4,-2,-20
6.4,-1.6,-15
6.4,-1,-10
6.4,-0.6,-5
6.4,3.05311e-15,5
6.4,0.2,10
6.4,0.4,15
6.4,0.6,20
6.4,0.8,25
6.4,1,30
6.4,1.2,35
6.4,1.4,40
6.4,1.6,45
6.4,1.8,55
6.4,2,60
6.4,2.2,65
6.4,2.4,70
6.4,2.6,75
6.4,2.8,80
6.4,3,85
6.4,3.2,90
6.4,3.4,100
6.5,-5.8,-60
6.5,-5.4,-55
6.5,-4.8,-50
6.5,-4.4,-45
6.5,-4,-40
6.5,-3.4,-35
6.5,-3,-30
6.5,-2.4,-25
6.5,-2,-20
6.5,-1.6,-15
6.5,-1,-10
6.5,-0.6,-5
6.5,3.05311e-15,5
6.5,0.2,10
6.5,0.4,15
6.5,0.6,20
6.5,0.8,25
6.5,1,30
6.5,1.2,35
6.5,1.4,45
6.5,1.6,50
6.5,1.8,55
6.5,2,60
6.5,2.2,65
6.5,2.4,70
6.5,2.6,75
6.5,2.8,80
6.5,3,85
6.5,3.2,95
6.5,3.4,100
6.6,-5.8,-60
6.6,-5.4,-55
6.6,-4.8,-50
6.6,-4.4,-45
6.6,-4,-40
6.6,-3.4,-35
6.6,-3,-30
6.6,-2.4,-25
6.6,-2,-20
6.6,-1.6,-15
6.6,-1,-10
6.6,-0.6,-5
6.6,3.05311e-15,5
6.6,0.2,10
6.6,0.4,15
6.6,0.6,20
6.6,0.8,25
6.6,1,30
6.6,1.2,40
6.6,1.4,45
6.6,1.6,50
6.6,1.8,55
6.6,2,60
6.6,2.2,65
6.6,2.4,70
6.6,2.6,80
6.6,2.8,85
6.6,3,90
6.6,3.2,95
6.6,3.4,100
6.7,-5.8,-60
6.7,-5.4,-55
6.7,-4.8,-50
6.7,-4.4,-45
6.7,-4,-40
6.7,-3.4,-35
6.7,-3,-30
6.7,-2.4,-25
6.7,-2,-20
6.7,-1.6,-15
6.7,-1,-10
6.7,-0.6,-5
6.7,3.05311e-15,5
6.7,0.2,10
6.7,0.4,15
6.7,0.6,20
6.7,0.8,25
6.7,1,30
6.7,1.2,40
6.7,1.4,45
6.7,1.6,50
6.7,1.8,55
6.7,2,60
6.7,2.2,65
6.7,2.4,75
6.7,2.6,80
6.7,2.8,85
6.7,3,90
6.7,3.2,95
6.7,3.4,100
6.8,-5.8,-60
6.8,-5.4,-55
6.8,-4.8,-50
6.8,-4.4,-45
6.8,-4,-40
6.8,-3.4,-35
6.8,-3,-30
6.8,-2.4,-25
6.8,-2,-20
6.8,-1.6,-15
6.8,-1,-10
6.8,-0.6,-5
6.8,3.05311e-15,5
6.8,0.2,10
6.8,0.4,15
6.8,0.6,20
6.8,0.8,25
6.8,1,35
6.8,1.2,40
6.8,1.4,45
6.8,1.6,50
6.8,1.8,55
6.8,2,60
6.8,2.2,70
6.8,2.4,75
6.8,2.6,80
6.8,2.8,85
6.8,3,90
6.8,3.2,100
6.9,-5.8,-60
6.9,-5.4,-55
6.9,-4.8,-50
6.9,-4.4,-45
6.9,-4,-40
6.9,-3.4,-35
6.9,-3,-30
6.9,-2.4,-25
6.9,-2,-20
6.9,-1.6,-15
6.9,-1,-10
6.9,-0.6,-5
6.9,3.05311e-15,5
6.9,0.2,10
6.9,0.4,15
6.9,0.6,20
6.9,0.8,25
6.9,1,35
6.9,1.2,40
6.9,1.4,45
6.9,1.6,50
6.9,1.8,55
6.9,2,65
6.9,2.2,70
6.9,2.4,75
6.9,2.6,80
6.9,2.8,85
6.9,3,95
6.9,3.2,100
7,-5.8,-60
7,-5.4,-55
7,-4.8,-50
7,-4.4,-45
7,-4,-40
7,-3.4,-35
7,-3,-30
7,-2.4,-25
7,-2,-20
7,-1.6,-15
7,-1,-10
7,-0.6,-5
7,3.05311e-15,5
7,0.2,10
7,0.4,15
7,0.6,20
7,0.8,30
7,1,35
7,1.2,40
7,1.4,45
7,1.6,50
7,1.8,60
7,2,65
7,2.2,70
7,2.4,75
7,2.6,80
7,2.8,90
7,3,95
7,3.2,100
7.1,-5.8,-60
7.1,-5.4,-55
7.1,-4.8,-50
7.1,-4.4,-45
7.1,-4,-40
7.1,-3.4,-35
7.1,-3,-30
7.1,-2.4,-25
7.1,-2,-20
7.1,-1.6,-15
7.1,-1,-10
7.1,-0.6,-5
7.1,3.05311e-15,5
7.1,0.2,10
7.1,0.4,15
7.1,0.6,20
7.1,0.8,30
7.1,1,35
7.1,1.2,40
7.1,1.4,45
7.1,1.6,55
7.1,1.8,60
7.1,2,65
7.1,2.2,70
7.1,2.4,75
7.1,2.6,85
7.1,2.8,90
7.1,3,95
7.2,-5.8,-60
7.2,-5.4,-55
7.2,-4.8,-50
7.2,-4.4,-45
7.2,-4,-40
7.2,-3.4,-35
7.2,-3,-30
7.2,-2.4,-25
7.2,-2,-20
7.2,-1.6,-15
7.2,-1,-10
7.2,-0.6,-5
7.2,3.05311e-15,5
7.2,0.2,10
7.2,0.4,15
7.2,0.6,20
7.2,0.8,30
7.2,1,35
7.2,1.2,40
7.2,1.4,45
7.2,1.6,55
7.2,1.8,60
7.2,2,65
7.2,2.2,70
7.2,2.4,80
7.2,2.6,85
7.2,2.8,90
7.2,3,100
7.3,-5.8,-60
7.3,-5.4,-55
7.3,-4.8,-50
7.3,-4.4,-45
7.3,-4,-40
7.3,-3.4,-35
7.3,-3,-30
7.3,-2.4,-25
7.3,-2,-20
7.3,-1.6,-15
7.3,-1,-10
7.3,-0.6,-5
7.3,3.05311e-15,5
7.3,0.2,10
7.3,0.4,15
7.3,0.6,25
7.3,0.8,30
7.3,1,35
7.3,1.2,40
7.3,1.4,45
7.3,1.6,55
7.3,1.8,60
7.3,2,65
7.3,2.2,75
7.3,2.4,80
7.3,2.6,85
7.3,2.8,90
7.3,3,100
7.4,-5.8,-60
7.4,-5.4,-55
7.4,-4.8,-50
7.4,-4.4,-45
7.4,-4,-40
7.4,-3.4,-35
7.4,-3,-30
7.4,-2.4,-25
7.4,-2,-20
7.4,-1.6,-15
7.4,-1,-10
7.4,-0.6,-5
7.4,3.05311e-15,5
7.4,0.2,10
7.4,0.4,15
7.4,0.6,25
7.4,0.8,30
7.4,1,35
7.4,1.2,40
7.4,1.4,50
7.4,1.6,55
7.4,1.8,60
7.4,2,70
7.4,2.2,75
7.4,2.4,80
7.4,2.6,85
7.4,2.8,95
7.4,3,100
7.5,-5.8,-60
7.5,-5.4,-55
7.5,-4.8,-50
7.5,-4.4,-45
7.5,-4,-40
7.5,-3.4,-35
7.5,-3,-30
7.5,-2.4,-25
7.5,-2,-20
7.5,-1.6,-15
7.5,-1,-10
7.5,-0.6,-5
7.5,3.05311e-15,5
7.5,0.2,10
7.5,0.4,15
7.5,0.6,25
7.5,0.8,30
7.5,1,35
7.5,1.2,45
7.5,1.4,50
7.5,1.6,55
7.5,1.8,60
7.5,2,70
7.5,2.2,75
7.5,2.4,80
7.5,2.6,90
7.5,2.8,95
7.5,3,100
7.6,-5.8,-60
7.6,-5.4,-55
7.6,-4.8,-50
7.6,-4.4,-45
7.6,-4,-40
7.6,-3.4,-35
7.6,-3,-30
7.6,-2.4,-25
7.6,-2,-20
7.6,-1.6,-15
7.6,-1,-10
7.6,-0.6,-5
7.6,3.05311e-15,5
7.6,0.2,10
7.6,0.4,15
7.6,0.6,25
7.6,0.8,30
7.6,1,35
7.6,1.2,45
7.6,1.4,50
7.6,1.6,55
7.6,1.8,65
7.6,2,70
7.6,2.2,75
7.6,2.4,80
7.6,2.6,90
7.6,2.8,95
7.7,-5.8,-60
7.7,-5.4,-55
7.7,-4.8,-50
7.7,-4.4,-45
7.7,-4,-40
7.7,-3.4,-35
7.7,-3,-30
7.7,-2.4,-25
7.7,-2,-20
7.7,-1.6,-15
7.7,-1,-10
7.7,-0.6,-5
7.7,3.05311e-15,5
7.7,0.2,10
7.7,0.4,15
7.7,0.6,25
7.7,0.8,30
7.7,1,35
7.7,1.2,45
7.7,1.4,50
7.7,1.6,55
7.7,1.8,65
7.7,2,70
7.7,2.2,75
7.7,2.4,85
7.7,2.6,90
7.7,2.8,100
7.8,-5.8,-60
7.8,-5.4,-55
7.8,-4.8,-50
7.8,-4.4,-45
7.8,-4,-40
7.8,-3.4,-35
7.8,-3,-30
7.8,-2.4,-25
7.8,-2,-20
7.8,-1.6,-15
7.8,-1,-10
7.8,-0.6,-5
7.8,3.05311e-15,5
7.8,0.2,10
7.8,0.4,15
7.8,0.6,25
7.8,0.8,30
7.8,1,35
7.8,1.2,45
7.8,1.4,50
7.8,1.6,60
7.8,1.8,65
7.8,2,70
7.8,2.2,80
7.8,2.4,85
7.8,2.6,90
7.8,2.8,100
7.9,-5.8,-60
7.9,-5.4,-55
7.9,-4.8,-50
7.9,-4.4,-45
7.9,-4,-40
7.9,-3.4,-35
7.9,-3,-30
7.9,-2.4,-25
7.9,-2,-20
7.9,-1.6,-15
7.9,-1,-10
7.9,-0.6,-5
7.9,3.05311e-15,5
7.9,0.2,10
7.9,0.4,15
7.9,0.6,25
7.9,0.8,30
7.9,1,40
7.9,1.2,45
7.9,1.4,50
7.9,1.6,60
7.9,1.8,65
7.9,2,70
7.9,2.2,80
7.9,2.4,85
7.9,2.6,95
7.9,2.8,100
8,-5.8,-60
8,-5.4,-55
8,-4.8,-50
8,-4.4,-45
8,-4,-40
8,-3.4,-35
8,-3,-30
8,-2.4,-25
8,-2,-20
8,-1.6,-15
8,-1,-10
8,-0.6,-5
8,3.05311e-15,5
8,0.2,10
8,0.4,20
8,0.6,25
8,0.8,30
8,1,40
8,1.2,45
8,1.4,50
8,1.6,60
8,1.8,65
8,2,75
8,2.2,80
8,2.4,85
8,2.6,95
8,2.8,100
8.1,-5.8,-60
8.1,-5.4,-55
8.1,-4.8,-50
8.1,-4.4,-45
8.1,-4,-40
8.1,-3.4,-35
8.1,-3,-30
8.1,-2.4,-25
8.1,-2,-20
8.1,-1.6,-15
8.1,-1,-10
8.1,-0.6,-5
8.1,3.05311e-15,5
8.1,0.2,10
8.1,0.4,20
8.1,0.6,25
8.1,0.8,30
8.1,1,40
8.1,1.2,45
8.1,1.4,55
8.1,1.6,60
8.1,1.8,65
8.1,2,75
8.1,2.2,80
8.1,2.4,90
8.1,2.6,95
8.1,2.8,100
8.2,-5.8,-60
8.2,-5.4,-55
8.2,-4.8,-50
8.2,-4.4,-45
8.2,-4,-40
8.2,-3.4,-35
8.2,-3,-30
8.2,-2.4,-25
8.2,-2,-20
8.2,-1.6,-15
8.2,-1,-10
8.2,-0.6,-5
8.2,3.05311e-15,5
8.2,0.2,10
8.2,0.4,20
8.2,0.6,25
8.2,0.8,30
8.2,1,40
8.2,1.2,45
8.2,1.4,55
8.2,1.6,60
8.2,1.8,70
8.2,2,75
8.2,2.2,80
8.2,2.4,90
8.2,2.6,95
8.3,-5.8,-60
8.3,-5.4,-55
8.3,-4.8,-50
8.3,-4.4,-45
8.3,-4,-40
8.3,-3.4,-35
8.3,-3,-30
8.3,-2.4,-25
8.3,-2,-20
8.3,-1.6,-15
8.3,-1,-10
8.3,-0.6,-5
8.3,3.05311e-15,5
8.3,0.2,10
8.3,0.4,20
8.3,0.6,25
8.3,0.8,35
8.3,1,40
8.3,1.2,45
8.3,1.4,55
8.3,1.6,60
8.3,1.8,70
8.3,2,75
8.3,2.2,85
8.3,2.4,90
8.3,2.6,100
8.4,-5.8,-60
8.4,-5.4,-55
8.4,-4.8,-50
8.4,-4.4,-45
8.4,-4,-40
8.4,-3.4,-35
8.4,-3,-30
8.4,-2.4,-25
8.4,-2,-20
8.4,-1.6,-15
8.4,-1,-10
8.4,-0.6,-5
8.4,0.2,10
8.4,0.4,20
8.4,0.6,25
8.4,0.8,35
8.4,1,40
8.4,1.2,45
8.4,1.4,55
8.4,1.6,60
8.4,1.8,70
8.4,2,75
8.4,2.2,85
8.4,2.4,90
8.4,2.6,100
8.5,-5.8,-60
8.5,-5.4,-55
8.5,-4.8,-50
8.5,-4.4,-45
8.5,-4,-40
8.5,-3.4,-35
8.5,-3,-30
8.5,-2.4,-25
8.5,-2,-20
8.5,-1.6,-15
8.5,-1,-10
8.5,-0.6,-5
8.5,0.2,10
8.5,0.4,20
8.5,0.6,25
8.5,0.8,35
8.5,1,40
8.5,1.2,45
8.5,1.4,55
8.5,1.6,65
8.5,1.8,70
8.5,2,75
8.5,2.2,85
8.5,2.4,95
8.5,2.6,100
8.6,-5.8,-60
8.6,-5.4,-55
8.6,-4.8,-50
8.6,-4.4,-45
8.6,-4,-40
8.6,-3.4,-35
8.6,-3,-30
8.6,-2.4,-25
8.6,-2,-20
8.6,-1.6,-15
8.6,-1,-10
8.6,-0.6,-5
8.6,0.2,10
8.6,0.4,20
8.6,0.6,25
8.6,0.8,35
8.6,1,40
8.6,1.2,50
8.6,1.4,55
8.6,1.6,65
8.6,1.8,70
8.6,2,80
8.6,2.2,85
8.6,2.4,95
8.6,2.6,100
8.7,-5.8,-60
8.7,-5.4,-55
8.7,-4.8,-50
8.7,-4.4,-45
8.7,-4,-40
8.7,-3.4,-35
8.7,-3,-30
8.7,-2.4,-25
8.7,-2,-20
8.7,-1.6,-15
8.7,-1,-10
8.7,-0.6,-5
8.7,0.2,10
8.7,0.4,20
8.7,0.6,25
8.7,0.8,35
8.7,1,40
8.7,1.2,50
8.7,1.4,55
8.7,1.6,65
8.7,1.8,70
8.7,2,80
8.7,2.2,85
8.7,2.4,95
8.7,2.6,100
8.8,-5.8,-60
8.8,-5.4,-55
8.8,-4.8,-50
8.8,-4.4,-45
8.8,-4,-40
8.8,-3.4,-35
8.8,-3,-30
8.8,-2.4,-25
8.8,-2,-20
8.8,-1.6,-15
8.8,-1,-10
8.8,-0.6,-5
8.8,0.2,10
8.8,0.4,20
8.8,0.6,25
8.8,0.8,35
8.8,1,40
8.8,1.2,50
8.8,1.4,55
8.8,1.6,65
8.8,1.8,75
8.8,2,80
8.8,2.2,90
8.8,2.4,95
8.9,-5.8,-60
8.9,-5.4,-55
8.9,-4.8,-50
8.9,-4.4,-45
8.9,-4,-40
8.9,-3.4,-35
8.9,-3,-30
8.9,-2.4,-25
8.9,-2,-20
8.9,-1.6,-15
8.9,-1,-10
8.9,-0.6,-5
8.9,0.2,10
8.9,0.4,20
8.9,0.6,25
8.9,0.8,35
8.9,1,45
8.9,1.2,50
8.9,1.4,60
8.9,1.6,65
8.9,1.8,75
8.9,2,80
8.9,2.2,90
8.9,2.4,100
9,-5.8,-60
9,-5.4,-55
9,-4.8,-50
9,-4.4,-45
9,-4,-40
9,-3.4,-35
9,-3,-30
9,-2.4,-25
9,-2,-20
9,-1.6,-15
9,-1,-10
9,-0.6,-5
9,0.2,10
9,0.4,20
9,0.6,25
9,0.8,35
9,1,45
9,1.2,50
9,1.4,60
9,1.6,65
9,1.8,75
9,2,80
9,2.2,90
9,2.4,100
9.1,-5.8,-60
9.1,-5.4,-55
9.1,-4.8,-50
9.1,-4.4,-45
9.1,-4,-40
9.1,-3.4,-35
9.1,-3,-30
9.1,-2.4,-25
9.1,-2,-20
9.1,-1.6,-15
9.1,-1,-10
9.1,-0.6,-5
9.1,0.2,10
9.1,0.4,20
9.1,0.6,30
9.1,0.8,35
9.1,1,45
9.1,1.2,50
9.1,1.4,60
9.1,1.6,65
9.1,1.8,75
9.1,2,85
9.1,2.2,90
9.1,2.4,100
9.2,-5.8,-60
9.2,-5.4,-55
9.2,-4.8,-50
9.2,-4.4,-45
9.2,-4,-40
9.2,-3.4,-35
9.2,-3,-30
9.2,-2.4,-25
9.2,-2,-20
9.2,-1.6,-15
9.2,-1,-10
9.2,-0.6,-5
9.2,0.2,10
9.2,0.4,20
9.2,0.6,30
9.2,0.8,35
9.2,1,45
9.2,1.2,50
9.2,1.4,60
9.2,1.6,70
9.2,1.8,75
9.2,2,85
9.2,2.2,90
9.2,2.4,100
9.3,-5.8,-60
9.3,-5.4,-55
9.3,-4.8,-50
9.3,-4.4,-45
9.3,-4,-40
9.3,-3.4,-35
9.3,-3,-30
9.3,-2.4,-25
9.3,-2,-20
9.3,-1.6,-15
9.3,-1,-10
9.3,-0.6,-5
9.3,3.05311e-15,10
9.3,0.2,10
9.3,0.4,20
9.3,0.6,30
9.3,0.8,35
9.3,1,45
9.3,1.2,50
9.3,1.4,60
9.3,1.6,70
9.3,1.8,75
9.3,2,85
9.3,2.2,95
9.3,2.4,100
9.4,-5.8,-60
9.4,-5.4,-55
9.4,-4.8,-50
9.4,-4.4,-45
9.4,-4,-40
9.4,-3.4,-35
9.4,-3,-30
9.4,-2.4,-25
9.4,-2,-20
9.4,-1.6,-15
9.4,-1,-10
9.4,-0.6,-5
9.4,3.05311e-15,10
9.4,0.2,10
9.4,0.4,20
9.4,0.6,30
9.4,0.8,35
9.4,1,45
9.4,1.2,55
9.4,1.4,60
9.4,1.6,70
9.4,1.8,80
9.4,2,85
9.4,2.2,95
9.4,2.4,100
9.5,-5.8,-60
9.5,-5.4,-55
9.5,-4.8,-50
9.5,-4.4,-45
9.5,-4,-40
9.5,-3.4,-35
9.5,-3,-30
9.5,-2.4,-25
9.5,-2,-20
9.5,-1.6,-15
9.5,-1,-10
9.5,-0.6,-5
9.5,3.05311e-15,10
9.5,0.2,15
9.5,0.4,20
9.5,0.6,30
9.5,0.8,35
9.5,1,45
9.5,1.2,55
9.5,1.4,60
9.5,1.6,70
9.5,1.8,80
9.5,2,85
9.5,2.2,95
9.6,-5.8,-60
9.6,-5.4,-55
9.6,-4.8,-50
9.6,-4.4,-45
9.6,-4,-40
9.6,-3.4,-35
9.6,-3,-30
9.6,-2.4,-25
9.6,-2,-20
9.6,-1.6,-15
9.6,-1,-10
9.6,-0.6,-5
9.6,3.05311e-15,10
9.6,0.2,15
9.6,0.4,20
9.6,0.6,30
9.6,0.8,35
9.6,1,45
9.6,1.2,55
9.6,1.4,65
9.6,1.6,70
9.6,1.8,80
9.6,2,85
9.6,2.2,95
9.7,-5.8,-60
9.7,-5.4,-55
9.7,-4.8,-50
9.7,-4.4,-45
9.7,-4,-40
9.7,-3.4,-35
9.7,-3,-30
9.7,-2.4,-25
9.7,-2,-20
9.7,-1.6,-15
9.7,-1,-10
9.7,-0.6,-5
9.7,3.05311e-15,10
9.7,0.2,15
9.7,0.4,20
9.7,0.6,30
9.7,0.8,40
9.7,1,45
9.7,1.2,55
9.7,1.4,65
9.7,1.6,70
9.7,1.8,80
9.7,2,90
9.7,2.2,100
9.8,-5.8,-60
9.8,-5.4,-55
9.8,-4.8,-50
9.8,-4.4,-45
9.8,-4,-40
9.8,-3.4,-35
9.8,-3,-30
9.8,-2.4,-25
9.8,-2,-20
9.8,-1.6,-15
9.8,-1,-10
9.8,-0.6,-5
9.8,3.05311e-15,10
9.8,0.2,15
9.8,0.4,20
9.8,0.6,30
9.8,0.8,40
9.8,1,45
9.8,1.2,55
9.8,1.4,65
9.8,1.6,70
9.8,1.8,80
9.8,2,90
9.8,2.2,100
9.9,-5.8,-60
9.9,-5.4,-55
9.9,-4.8,-50
9.9,-4.4,-45
9.9,-4,-40
9.9,-3.4,-35
9.9,-3,-30
9.9,-2.4,-25
9.9,-2,-20
9.9,-1.6,-15
9.9,-1,-10
9.9,-0.6,-5
9.9,3.05311e-15,10
9.9,0.2,15
9.9,0.4,20
9.9,0.6,30
9.9,0.8,40
9.9,1,45
9.9,1.2,55
9.9,1.4,65
9.9,1.6,75
9.9,1.8,80
9.9,2,90
9.9,2.2,100
10,-5.8,-60
10,-5.4,-55
10,-4.8,-50
10,-4.4,-45
10,-4,-40
10,-3.4,-35
10,-3,-30
10,-2.4,-25
10,-2,-20
10,-1.6,-15
10,-1,-10
10,-0.6,-5
10,3.05311e-15,10
10,0.2,15
10,0.4,20
10,0.6,30
10,0.8,40
10,1,45
10,1.2,55
10,1.4,65
10,1.6,75
10,1.8,85
10,2,90
10,2.2,100
10.1,-5.8,-60
10.1,-5.4,-55
10.1,-4.8,-50
10.1,-4.4,-45
10.1,-4,-40
10.1,-3.4,-35
10.1,-3,-30
10.1,-2.4,-25
10.1,-2,-20
10.1,-1.6,-15
10.1,-1,-10
10.1,-0.6,-5
10.1,3.05311e-15,10
10.1,0.2,15
10.1,0.4,20
10.1,0.6,30
10.1,0.8,40
10.1,1,45
10.1,1.2,55
10.1,1.4,65
10.1,1.6,75
10.1,1.8,85
10.1,2,90
10.1,2.2,100
10.2,-5.8,-60
10.2,-5.4,-55
10.2,-4.8,-50
10.2,-4.4,-45
10.2,-4,-40
10.2,-3.4,-35
10.2,-3,-30
10.2,-2.4,-25
10.2,-2,-20
10.2,-1.6,-15
10.2,-1,-10
10.2,-0.6,-5
10.2,3.05311e-15,10
10.2,0.2,15
10.2,0.4,20
10.2,0.6,30
10.2,0.8,40
10.2,1,45
10.2,1.2,55
10.2,1.4,65
10.2,1.6,75
10.2,1.8,85
10.2,2,95
10.2,2.2,100
10.3,-5.8,-60
10.3,-5.4,-55
10.3,-4.8,-50
10.3,-4.4,-45
10.3,-4,-40
10.3,-3.4,-35
10.3,-3,-30
10.3,-2.4,-25
10.3,-2,-20
10.3,-1.6,-15
10.3,-1,-10
10.3,-0.6,-5
10.3,3.05311e-15,10
10.3,0.2,15
10.3,0.4,20
10.3,0.6,30
10.3,0.8,40
10.3,1,50
10.3,1.2,60
10.3,1.4,65
10.3,1.6,75
10.3,1.8,85
10.3,2,95
10.4,-5.8,-60
10.4,-5.4,-55
10.4,-4.8,-50
10.4,-4.4,-45
10.4,-4,-40
10.4,-3.4,-35
10.4,-3,-30
10.4,-2.4,-25
10.4,-2,-20
10.4,-1.6,-15
10.4,-1,-10
10.4,-0.6,-5
10.4,3.05311e-15,10
10.4,0.2,15
10.4,0.4,20
10.4,0.6,30
10.4,0.8,40
10.4,1,50
10.4,1.2,60
10.4,1.4,70
10.4,1.6,75
10.4,1.8,85
10.4,2,95
10.5,-5.8,-60
10.5,-5.4,-55
10.5,-4.8,-50
10.5,-4.4,-45
10.5,-4,-40
10.5,-3.4,-35
10.5,-3,-30
10.5,-2.4,-25
10.5,-2,-20
10.5,-1.6,-15
10.5,-1,-10
10.5,-0.6,-5
10.5,3.05311e-15,10
10.5,0.2,15
10.5,0.4,25
10.5,0.6,30
10.5,0.8,40
10.5,1,50
10.5,1.2,60
10.5,1.4,70
10.5,1.6,75
10.5,1.8,85
10.5,2,95
10.6,-5.8,-60
10.6,-5.4,-55
10.6,-4.8,-50
10.6,-4.4,-45
10.6,-4,-40
10.6,-3.4,-35
10.6,-3,-30
10.6,-2.4,-25
10.6,-2,-20
10.6,-1.6,-15
10.6,-1,-10
10.6,-0.6,-5
10.6,3.05311e-15,10
10.6,0.2,15
10.6,0.4,25
10.6,0.6,30
10.6,0.8,40
10.6,1,50
10.6,1.2,60
10.6,1.4,70
10.6,1.6,80
10.6,1.8,85
10.6,2,100
10.7,-5.8,-60
10.7,-5.4,-55
10.7,-4.8,-50
10.7,-4.4,-45
10.7,-4,-40
10.7,-3.4,-35
10.7,-3,-30
10.7,-2.4,-25
10.7,-2,-20
10.7,-1.6,-15
10.7,-1,-10
10.7,-0.6,-5
10.7,3.05311e-15,10
10.7,0.2,15
10.7,0.4,25
10.7,0.6,30
10.7,0.8,40
10.7,1,50
10.7,1.2,60
10.7,1.4,70
10.7,1.6,80
10.7,1.8,90
10.7,2,100
10.8,-5.8,-60
10.8,-5.4,-55
10.8,-4.8,-50
10.8,-4.4,-45
10.8,-4,-40
10.8,-3.4,-35
10.8,-3,-30
10.8,-2.4,-25
10.8,-2,-20
10.8,-1.6,-15
10.8,-1,-10
10.8,-0.6,-5
10.8,3.05311e-15,10
10.8,0.2,15
10.8,0.4,25
10.8,0.6,35
10.8,0.8,40
10.8,1,50
10.8,1.2,60
10.8,1.4,70
10.8,1.6,80
10.8,1.8,90
10.8,2,100
10.9,-5.8,-60
10.9,-5.4,-55
10.9,-4.8,-50
10.9,-4.4,-45
10.9,-4,-40
10.9,-3.4,-35
10.9,-3,-30
10.9,-2.4,-25
10.9,-2,-20
10.9,-1.6,-15
10.9,-1,-10
10.9,-0.6,-5
10.9,3.05311e-15,10
10.9,0.2,15
10.9,0.4,25
10.9,0.6,35
10.9,0.8,40
10.9,1,50
10.9,1.2,60
10.9,1.4,70
10.9,1.6,80
10.9,1.8,90
10.9,2,100
11,-5.8,-60
11,-5.4,-55
11,-4.8,-50
11,-4.4,-45
11,-4,-40
11,-3.4,-35
11,-3,-30
11,-2.4,-25
11,-2,-20
11,-1.6,-15
11,-1,-10
11,-0.6,-5
11,3.05311e-15,10
11,0.2,15
11,0.4,25
11,0.6,35
11,0.8,45
11,1,50
11,1.2,60
11,1.4,70
11,1.6,80
11,1.8,90
11,2,100
11.1,-5.8,-60
11.1,-5.4,-55
11.1,-4.8,-50
11.1,-4.4,-45
11.1,-4,-40
11.1,-3.4,-35
11.1,-3,-30
11.1,-2.4,-25
11.1,-2,-20
11.1,-1.6,-15
11.1,-1,-10
11.1,-0.6,-5
11.1,3.05311e-15,10
11.1,0.2,15
11.1,0.4,25
11.1,0.6,35
11.1,0.8,45
11.1,1,55
11.1,1.2,60
11.1,1.4,70
11.1,1.6,80
11.1,1.8,90
11.1,2,100
11.2,-5.8,-60
11.2,-5.4,-55
11.2,-4.8,-50
11.2,-4.4,-45
11.2,-4,-40
11.2,-3.4,-35
11.2,-3,-30
11.2,-2.4,-25
11.2,-2,-20
11.2,-1.6,-15
11.2,-1,-10
11.2,-0.6,-5
11.2,3.05311e-15,10
11.2,0.2,15
11.2,0.4,25
11.2,0.6,35
11.2,0.8,45
11.2,1,55
11.2,1.2,65
11.2,1.4,75
11.2,1.6,85
11.2,1.8,90
11.2,2,100
11.3,-5.8,-60
11.3,-5.4,-55
11.3,-4.8,-50
11.3,-4.4,-45
11.3,-4,-40
11.3,-3.4,-35
11.3,-3,-30
11.3,-2.4,-25
11.3,-2,-20
11.3,-1.6,-15
11.3,-1,-10
11.3,-0.6,-5
11.3,3.05311e-15,10
11.3,0.2,15
11.3,0.4,25
11.3,0.6,35
11.3,0.8,45
11.3,1,55
11.3,1.2,65
11.3,1.4,75
11.3,1.6,85
11.3,1.8,95
11.4,-5.8,-60
11.4,-5.4,-55
11.4,-4.8,-50
11.4,-4.4,-45
11.4,-4,-40
11.4,-3.4,-35
11.4,-3,-30
11.4,-2.4,-25
11.4,-2,-20
11.4,-1.6,-15
11.4,-1,-10
11.4,-0.6,-5
11.4,3.05311e-15,10
11.4,0.2,15
11.4,0.4,25
11.4,0.6,35
11.4,0.8,45
11.4,1,55
11.4,1.2,65
11.4,1.4,75
11.4,1.6,85
11.4,1.8,95
11.5,-5.8,-60
11.5,-5.4,-55
11.5,-4.8,-50
11.5,-4.4,-45
11.5,-4,-40
11.5,-3.4,-35
11.5,-3,-30
11.5,-2.4,-25
11.5,-2,-20
11.5,-1.6,-15
11.5,-1,-10
11.5,-0.6,-5
11.5,3.05311e-15,10
11.5,0.2,15
11.5,0.4,25
11.5,0.6,35
11.5,0.8,45
11.5,1,55
11.5,1.2,65
11.5,1.4,75
11.5,1.6,85
11.5,1.8,95
11.6,-5.8,-60
11.6,-5.4,-55
11.6,-4.8,-50
11.6,-4.4,-45
11.6,-4,-40
11.6,-3.4,-35
11.6,-3,-30
11.6,-2.4,-25
11.6,-2,-20
11.6,-1.6,-15
11.6,-1,-10
11.6,-0.6,-5
11.6,3.05311e-15,10
11.6,0.2,15
11.6,0.4,25
11.6,0.6,35
11.6,0.8,45
11.6,1,55
11.6,1.2,65
11.6,1.4,75
11.6,1.6,85
11.6,1.8,95
11.7,-5.8,-60
11.7,-5.4,-55
11.7,-4.8,-50
11.7,-4.4,-45
11.7,-4,-40
11.7,-3.4,-35
11.7,-3,-30
11.7,-2.4,-25
11.7,-2,-20
11.7,-1.6,-15
11.7,-1,-10
11.7,-0.6,-5
11.7,3.05311e-15,10
11.7,0.2,15
11.7,0.4,25
11.7,0.6,35
11.7,0.8,45
11.7,1,55
11.7,1.2,65
11.7,1.4,75
11.7,1.6,85
11.8,-5.8,-60
11.8,-5.4,-55
11.8,-4.8,-50
11.8,-4.4,-45
11.8,-4,-40
11.8,-3.4,-35
11.8,-3,-30
11.8,-2.4,-25
11.8,-2,-20
11.8,-1.6,-15
11.8,-1,-10
11.8,-0.6,-5
11.8,3.05311e-15,10
11.8,0.2,15
11.8,0.4,25
11.8,0.6,35
11.8,0.8,45
11.8,1,55
11.8,1.2,65
11.8,1.4,75
11.8,1.6,85
11.9,-5.8,-60
11.9,-5.4,-55
11.9,-4.8,-50
11.9,-4.4,-45
11.9,-4,-40
11.9,-3.4,-35
11.9,-3,-30
11.9,-2.4,-25
11.9,-2,-20
11.9,-1.6,-15
11.9,-1,-10
11.9,-0.6,-5
11.9,3.05311e-15,10
11.9,0.2,15
11.9,0.4,25
11.9,0.6,35
11.9,0.8,45
11.9,1,55
11.9,1.2,65
11.9,1.4,75
11.9,1.6,90
11.9,1.8,100
12,-5.8,-60
12,-5.4,-55
12,-4.8,-50
12,-4.4,-45
12,-4,-40
12,-3.4,-35
12,-3,-30
12,-2.4,-25
12,-2,-20
12,-1.6,-15
12,-1,-10
12,-0.6,-5
12,3.05311e-15,10
12,0.2,15
12,0.4,25
12,0.6,35
12,0.8,45
12,1,55
12,1.2,65
12,1.4,80
12,1.6,90
12,1.8,100
12.1,-5.8,-60
12.1,-5.4,-55
12.1,-4.8,-50
12.1,-4.4,-45
12.1,-4,-40
12.1,-3.4,-35
12.1,-3,-30
12.1,-2.4,-25
12.1,-2,-20
12.1,-1.6,-15
12.1,-1,-10
12.1,-0.6,-5
12.1,3.05311e-15,10
12.1,0.2,15
12.1,0.4,25
12.1,0.6,35
12.1,0.8,45
12.1,1,55
12.1,1.2,70
12.1,1.4,80
12.1,1.6,90
12.1,1.8,100
12.2,-5.8,-60
12.2,-5.4,-55
12.2,-4.8,-50
12.2,-4.4,-45
12.2,-4,-40
12.2,-3.4,-35
12.2,-3,-30
12.2,-2.4,-25
12.2,-2,-20
12.2,-1.6,-15
12.2,-1,-10
12.2,-0.6,-5
12.2,3.05311e-15,10
12.2,0.2,15
12.2,0.4,25
12.2,0.6,35
12.2,0.8,45
12.2,1,60
12.2,1.2,70
12.2,1.4,80
12.2,1.6,95
12.2,1.8,100
12.3,-5.8,-60
12.3,-5.4,-55
12.3,-4.8,-50
12.3,-4.4,-45
12.3,-4,-40
12.3,-3.4,-35
12.3,-3,-30
12.3,-2.4,-25
12.3,-2,-20
12.3,-1.6,-15
12.3,-1,-10
12.3,-0.6,-5
12.3,3.05311e-15,10
12.3,0.2,15
12.3,0.4,25
12.3,0.6,35
12.3,0.8,45
12.3,1,60
12.3,1.2,70
12.3,1.4,80
12.3,1.6,95
12.3,1.8,100
12.4,-5.8,-60
12.4,-5.4,-55
12.4,-4.8,-50
12.4,-4.4,-45
12.4,-4,-40
12.4,-3.4,-35
12.4,-3,-30
12.4,-2.4,-25
12.4,-2,-20
12.4,-1.6,-15
12.4,-1,-10
12.4,-0.6,-5
12.4,3.05311e-15,10
12.4,0.2,15
12.4,0.4,25
12.4,0.6,35
12.4,0.8,45
12.4,1,60
12.4,1.2,70
12.4,1.4,80
12.4,1.6,95
12.4,1.8,100
12.5,-5.8,-60
12.5,-5.4,-55
12.5,-4.8,-50
12.5,-4.4,-45
12.5,-4,-40
12.5,-3.4,-35
12.5,-3,-30
12.5,-2.4,-25
12.5,-2,-20
12.5,-1.6,-15
12.5,-1,-10
12.5,-0.6,-5
12.5,3.05311e-15,10
12.5,0.2,15
12.5,0.4,25
12.5,0.6,40
12.5,0.8,45
12.5,1,60
12.5,1.2,70
12.5,1.4,80
12.5,1.6,95
12.6,-5.8,-60
12.6,-5.4,-55
12.6,-4.8,-50
12.6,-4.4,-45
12.6,-4,-40
12.6,-3.4,-35
12.6,-3,-30
12.6,-2.4,-25
12.6,-2,-20
12.6,-1.6,-15
12.6,-1,-10
12.6,-0.6,-5
12.6,3.05311e-15,10
12.6,0.2,15
12.6,0.4,25
12.6,0.6,40
12.6,0.8,45
12.6,1,60
12.6,1.2,70
12.6,1.4,80
12.6,1.6,95
12.7,-5.8,-60
12.7,-5.4,-55
12.7,-4.8,-50
12.7,-4.4,-45
12.7,-4,-40
12.7,-3.4,-35
12.7,-3,-30
12.7,-2.4,-25
12.7,-2,-20
12.7,-1.6,-15
12.7,-1,-10
12.7,-0.6,-5
12.7,3.05311e-15,10
12.7,0.2,15
12.7,0.4,25
12.7,0.6,40
12.7,0.8,50
12.7,1,60
12.7,1.2,70
12.7,1.4,85
12.7,1.6,95
12.8,-5.8,-60
12.8,-5.4,-55
12.8,-4.8,-50
12.8,-4.4,-45
12.8,-4,-40
12.8,-3.4,-35
12.8,-3,-30
12.8,-2.4,-25
12.8,-2,-20
12.8,-1.6,-15
12.8,-1,-10
12.8,-0.6,-5
12.8,3.05311e-15,10
12.8,0.2,15
12.8,0.4,25
12.8,0.6,40
12.8,0.8,50
12.8,1,60
12.8,1.2,70
12.8,1.4,85
12.8,1.6,95
12.9,-5.8,-60
12.9,-5.4,-55
12.9,-4.8,-50
12.9,-4.4,-45
12.9,-4,-40
12.9,-3.4,-35
12.9,-3,-30
12.9,-2.4,-25
12.9,-2,-20
12.9,-1.6,-15
12.9,-1,-10
12.9,-0.6,-5
12.9,3.05311e-15,10
12.9,0.2,15
12.9,0.4,25
12.9,0.6,40
12.9,0.8,50
12.9,1,60
12.9,1.2,70
12.9,1.4,85
12.9,1.6,95
13,-5.8,-60
13,-5.4,-55
13,-4.8,-50
13,-4.4,-45
13,-4,-40
13,-3.4,-35
13,-3,-30
13,-2.4,-25
13,-2,-20
13,-1.6,-15
13,-1,-10
13,-0.6,-5
13,3.05311e-15,10
13,0.2,15
13,0.4,30
13,0.6,40
13,0.8,50
13,1,60
13,1.2,75
13,1.4,85
13,1.6,100
13.1,-5.8,-60
13.1,-5.4,-55
13.1,-4.8,-50
13.1,-4.4,-45
13.1,-4,-40
13.1,-3.4,-35
13.1,-3,-30
13.1,-2.4,-25
13.1,-2,-20
13.1,-1.6,-15
13.1,-1,-10
13.1,-0.6,-5
13.1,3.05311e-15,10
13.1,0.2,15
13.1,0.4,30
13.1,0.6,40
13.1,0.8,50
13.1,1,60
13.1,1.2,75
13.1,1.4,85
13.1,1.6,100
13.2,-5.8,-60
13.2,-5.4,-55
13.2,-4.8,-50
13.2,-4.4,-45
13.2,-4,-40
13.2,-3.4,-35
13.2,-3,-30
13.2,-2.4,-25
13.2,-2,-20
13.2,-1.6,-15
13.2,-1,-10
13.2,-0.6,-5
13.2,3.05311e-15,10
13.2,0.2,15
13.2,0.4,30
13.2,0.6,40
13.2,0.8,50
13.2,1,65
13.2,1.2,75
13.2,1.4,85
13.2,1.6,100
13.3,-5.8,-60
13.3,-5.4,-55
13.3,-4.8,-50
13.3,-4.4,-45
13.3,-4,-40
13.3,-3.4,-35
13.3,-3,-30
13.3,-2.4,-25
13.3,-2,-20
13.3,-1.6,-15
13.3,-1,-10
13.3,-0.6,-5
13.3,3.05311e-15,10
13.3,0.2,15
13.3,0.4,30
13.3,0.6,40
13.3,0.8,50
13.3,1,65
13.3,1.2,75
13.3,1.4,85
13.3,1.6,100
13.4,-5.8,-60
13.4,-5.4,-55
13.4,-4.8,-50
13.4,-4.4,-45
13.4,-4,-40
13.4,-3.4,-35
13.4,-3,-30
13.4,-2.4,-25
13.4,-2,-20
13.4,-1.6,-15
13.4,-1,-10
13.4,-0.6,-5
13.4,3.05311e-15,10
13.4,0.2,15
13.4,0.4,30
13.4,0.6,40
13.4,0.8,50
13.4,1,65
13.4,1.2,75
13.4,1.4,85
13.4,1.6,100
13.5,-5.8,-60
13.5,-5.4,-55
13.5,-4.8,-50
13.5,-4.4,-45
13.5,-4,-40
13.5,-3.4,-35
13.5,-2.4,-25
13.5,-1.6,-15
13.5,-1,-10
13.5,-0.6,-5
13.5,3.05311e-15,10
13.5,0.2,15
13.5,0.4,30
13.5,0.6,40
13.5,0.8,50
13.5,1,65
13.5,1.2,75
13.5,1.4,90
13.5,1.6,100
13.6,-5.8,-60
13.6,-5.4,-55
13.6,-4.8,-50
13.6,-4.4,-45
13.6,-4,-40
13.6,-3.4,-35
13.6,-2.4,-25
13.6,-1.6,-15
13.6,-1,-10
13.6,-0.6,-5
13.6,3.05311e-15,10
13.6,0.2,15
13.6,0.4,30
13.6,0.6,40
13.6,0.8,55
13.6,1,65
13.6,1.2,75
13.6,1.4,90
13.6,1.6,100
13.7,-5.8,-60
13.7,-5.4,-55
13.7,-4.8,-50
13.7,-4.4,-45
13.7,-4,-40
13.7,-3.4,-35
13.7,-2.4,-25
13.7,-1.6,-15
13.7,-1,-10
13.7,-0.6,-5
13.7,3.05311e-15,10
13.7,0.2,15
13.7,0.4,30
13.7,0.6,40
13.7,0.8,55
13.7,1,65
13.7,1.2,75
13.7,1.4,90
13.7,1.6,100
13.8,-5.8,-60
13.8,-5.4,-55
13.8,-4.8,-50
13.8,-4.4,-45
13.8,-4,-40
13.8,-3.4,-35
13.8,-2.4,-25
13.8,-1.6,-15
13.8,-1,-10
13.8,-0.6,-5
13.8,3.05311e-15,10
13.8,0.2,15
13.8,0.4,30
13.8,0.6,40
13.8,0.8,55
13.8,1,65
13.8,1.2,75
13.8,1.4,90
13.8,1.6,100
13.9,-5.8,-60
13.9,-5.4,-55
13.9,-4.8,-50
13.9,-4.4,-45
13.9,-4,-40
13.9,-3.4,-35
13.9,-2.4,-25
13.9,-1.6,-15
13.9,-1,-10
13.9,-0.6,-5
13.9,3.05311e-15,10
13.9,0.2,15
13.9,0.4,30
13.9,0.6,40
13.9,0.8,55
13.9,1,65
13.9,1.2,80
13.9,1.4,90
14,-5.8,-60
14,-5.4,-55
14,-4.8,-50
14,-4.4,-45
14,-4,-40
14,-3.4,-35
14,-2.4,-25
14,-2,-20
14,-1.6,-15
14,-1,-10
14,-0.6,-5
14,3.05311e-15,10
14,0.2,20
14,0.4,30
14,0.6,40
14,0.8,55
14,1,65
14,1.2,80
14,1.4,90
14.1,-5.8,-60
14.1,-5.4,-55
14.1,-4.8,-50
14.1,-4.4,-45
14.1,-4,-40
14.1,-3.4,-35
14.1,-2.4,-25
14.1,-2,-20
14.1,-1.6,-15
14.1,-1,-10
14.1,-0.6,-5
14.1,3.05311e-15,10
14.1,0.2,20
14.1,0.4,30
14.1,0.6,40
14.1,0.8,55
14.1,1,65
14.1,1.2,80
14.1,1.4,90
14.2,-5.8,-60
14.2,-5.4,-55
14.2,-4.8,-50
14.2,-4.4,-45
14.2,-4,-40
14.2,-3.4,-35
14.2,-2.4,-25
14.2,-2,-20
14.2,-1.6,-15
14.2,-1,-10
14.2,-0.6,-5
14.2,3.05311e-15,10
14.2,0.2,20
14.2,0.4,30
14.2,0.6,45
14.2,0.8,55
14.2,1,65
14.2,1.2,80
14.2,1.4,90
14.3,-5.8,-60
14.3,-5.4,-55
14.3,-4.8,-50
14.3,-4.4,-45
14.3,-4,-40
14.3,-3.4,-35
14.3,-3,-30
14.3,-2.4,-25
14.3,-2,-20
14.3,-1.6,-15
14.3,-1,-10
14.3,-0.6,-5
14.3,3.05311e-15,10
14.3,0.2,20
14.3,0.4,30
14.3,0.6,45
14.3,0.8,55
14.3,1,70
14.3,1.2,80
14.3,1.4,95
14.4,-5.8,-60
14.4,-5.4,-55
14.4,-4.8,-50
14.4,-4.4,-45
14.4,-4,-40
14.4,-3.4,-35
14.4,-3,-30
14.4,-2.4,-25
14.4,-2,-20
14.4,-1.6,-15
14.4,-1,-10
14.4,-0.6,-5
14.4,3.05311e-15,10
14.4,0.2,20
14.4,0.4,30
14.4,0.6,45
14.4,0.8,55
14.4,1,70
14.4,1.2,80
14.4,1.4,95
14.5,-5.8,-60
14.5,-5.4,-55
14.5,-4.8,-50
14.5,-4.4,-45
14.5,-4,-40
14.5,-3.4,-35
14.5,-3,-30
14.5,-2.4,-25
14.5,-2,-20
14.5,-1.6,-15
14.5,-1,-10
14.5,-0.6,-5
14.5,3.05311e-15,10
14.5,0.2,20
14.5,0.4,30
14.5,0.6,45
14.5,0.8,55
14.5,1,70
14.5,1.2,80
14.5,1.4,95
14.6,-5.8,-60
14.6,-5.4,-55
14.6,-4.8,-50
14.6,-4.4,-45
14.6,-4,-40
14.6,-3.4,-35
14.6,-3,-30
14.6,-2.4,-25
14.6,-2,-20
14.6,-1.6,-15
14.6,-1,-10
14.6,-0.6,-5
14.6,3.05311e-15,10
14.6,0.2,20
14.6,0.4,30
14.6,0.6,45
14.6,0.8,55
14.6,1,70
14.6,1.2,80
14.6,1.4,95
14.7,-5.8,-60
14.7,-5.4,-55
14.7,-4.8,-50
14.7,-4.4,-45
14.7,-4,-40
14.7,-3.4,-35
14.7,-3,-30
14.7,-2.4,-25
14.7,-2,-20
14.7,-1.6,-15
14.7,-1,-10
14.7,-0.6,-5
14.7,3.05311e-15,10
14.7,0.2,20
14.7,0.4,30
14.7,0.6,45
14.7,0.8,55
14.7,1,70
14.7,1.2,85
14.7,1.4,100
14.8,-5.8,-60
14.8,-5.4,-55
14.8,-4.8,-50
14.8,-4.4,-45
14.8,-4,-40
14.8,-3.4,-35
14.8,-3,-30
14.8,-2.4,-25
14.8,-2,-20
14.8,-1.6,-15
14.8,-1,-10
14.8,-0.6,-5
14.8,3.05311e-15,10
14.8,0.2,20
14.8,0.4,30
14.8,0.6,45
14.8,0.8,55
14.8,1,70
14.8,1.2,85
14.8,1.4,100
14.9,-5.8,-60
14.9,-5.4,-55
14.9,-4.8,-50
14.9,-4.4,-45
14.9,-4,-40
14.9,-3.4,-35
14.9,-3,-30
14.9,-2.4,-25
14.9,-2,-20
14.9,-1.6,-15
14.9,-1,-10
14.9,-0.6,-5
14.9,3.05311e-15,10
14.9,0.2,20
14.9,0.4,30
14.9,0.6,45
14.9,0.8,60
14.9,1,75
14.9,1.2,85
14.9,1.4,100
15,-5.8,-60
15,-5.4,-55
15,-4.8,-50
15,-4.4,-45
15,-4,-40
15,-3.4,-35
15,-3,-30
15,-2.4,-25
15,-2,-20
15,-1.6,-15
15,-1,-10
15,-0.6,-5
15,3.05311e-15,10
15,0.2,20
15,0.4,30
15,0.6,45
15,0.8,60
15,1,75
15,1.2,85
15,1.4,100
15.1,-5.4,-55
15.1,-4.8,-50
15.1,-4.4,-45
15.1,-4,-40
15.1,-3.4,-35
15.1,-3,-30
15.1,-2.4,-25
15.1,-2,-20
15.1,-1.6,-15
15.1,-1,-10
15.1,-0.6,-5
15.1,3.05311e-15,10
15.1,0.2,20
15.1,0.4,30
15.1,0.6,45
15.1,0.8,60
15.1,1,75
15.1,1.2,90
15.1,1.4,100
15.2,-5.4,-55
15.2,-4.8,-50
15.2,-4.4,-45
15.2,-4,-40
15.2,-3.4,-35
15.2,-3,-30
15.2,-2.4,-25
15.2,-2,-20
15.2,-1.6,-15
15.2,-1,-10
15.2,-0.6,-5
15.2,3.05311e-15,15
15.2,0.2,20
15.2,0.4,35
15.2,0.6,45
15.2,0.8,60
15.2,1,75
15.2,1.2,90
15.3,-5.4,-55
15.3,-4.8,-50
15.3,-4.4,-45
15.3,-4,-40
15.3,-3.4,-35
15.3,-3,-30
15.3,-2.4,-25
15.3,-2,-20
15.3,-1.6,-15
15.3,-1,-10
15.3,-0.6,-5
15.3,3.05311e-15,15
15.3,0.2,20
15.3,0.4,35
15.3,0.6,50
15.3,0.8,65
15.3,1,80
15.3,1.2,100
15.4,-5.4,-55
15.4,-5,-50
15.4,-4.8,-50
15.4,-4.4,-45
15.4,-4,-40
15.4,-3.4,-35
15.4,-3,-30
15.4,-2.4,-25
15.4,-2,-20
15.4,-1.6,-15
15.4,-1,-10
15.4,-0.6,-5
15.4,3.05311e-15,15
15.4,0.2,25
15.4,0.4,40
15.4,0.6,55
15.4,0.8,70
15.4,1,90
15.5,-5.8,-60
15.5,-5.4,-55
15.5,-5,-50
15.5,-4.8,-50
15.5,-4.4,-45
15.5,-4,-40
15.5,-3.4,-35
15.5,-3,-30
15.5,-2.4,-25
15.5,-2,-20
15.5,-1.6,-15
15.5,-1.2,-10
15.5,-1,-10
15.5,-0.6,-5
15.5,3.05311e-15,15
15.5,0.2,25
15.5,0.4,40
15.5,0.6,60
15.5,0.8,75
15.5,1,95
15.6,-5.8,-60
15.6,-5.4,-55
15.6,-5,-50
15.6,-4.4,-45
15.6,-4,-40
15.6,-3.4,-35
15.6,-3,-30
15.6,-2.4,-25
15.6,-2,-20
15.6,-1.6,-15
15.6,-1.2,-10
15.6,-1,-10
15.6,-0.6,-5
15.6,3.05311e-15,15
15.6,0.2,25
15.6,0.4,45
15.6,0.6,65
15.6,0.8,80
15.6,1,100
15.7,-5.8,-60
15.7,-5.4,-55
15.7,-5,-50
15.7,-4.4,-45
15.7,-4,-40
15.7,-3.4,-35
15.7,-3,-30
15.7,-2.4,-25
15.7,-2,-20
15.7,-1.6,-15
15.7,-1.2,-10
15.7,-0.6,-5
15.7,3.05311e-15,25
15.7,0.2,30
15.7,0.4,45
15.7,0.6,70
15.7,0.8,90
15.8,-5.8,-60
15.8,-5.4,-55
15.8,-5,-50
15.8,-4.4,-45
15.8,-4,-40
15.8,-3.4,-35
15.8,-3,-30
15.8,-2.4,-25
15.8,-2,-20
15.8,-1.6,-15
15.8,-1.2,-10
15.8,-0.6,-5
15.8,3.05311e-15,25
15.8,0.2,30
15.8,0.4,50
15.8,0.6,75
15.8,0.8,100
15.9,-5.8,-60
15.9,-5.4,-55
15.9,-5,-50
15.9,-4.4,-100
15.9,-4,-90
15.9,-3.6,-80
15.9,-3.4,-35
15.9,-3.2,-70
15.9,-3,-30
15.9,-2.6,-60
15.9,-2.4,-25
15.9,-2.2,-50
15.9,-2,-20
15.9,-1.8,-40
15.9,-1.6,-15
15.9,-1.2,-10
15.9,-0.8,-20
15.9,-0.6,-5
15.9,3.05311e-15,25
15.9,0.2,35
15.9,0.4,55
15.9,0.6,80
16,-5.8,-60
16,-5.4,-55
16,-5,-50
16,-4.4,-100
16,-4,-90
16,-3.6,-80
16,-3.4,-35
16,-3.2,-70
16,-3,-30
16,-2.6,-60
16,-2.4,-25
16,-2.2,-50
16,-2,-20
16,-1.8,-40
16,-1.6,-15
16,-1.2,-10
16,-0.8,-20
16,-0.6,-5
16,-0.2,-10
16,3.05311e-15,25
16,0.2,35
16,0.4,65
16,0.6,100
