0,-5.8,-60
0,-4.8,-60
0,-4,-40
0,-3.4,-80
0,-3,-30
0,-2.8,-70
0,-2.6,-30
0,-2,-20
0,-1.4,-50
0,-1,-40
0,-0.4,-10
0,-0.2,-100
0,0,-100
0,0.2,10
0,0.4,10
0,0.6,30
0,0.8,20
0,1.4,30
0,1.6,70
0,1.8,40
0,2,90
0,2.2,50
0,2.4,100
0,2.8,60
0,3.2,70
0.2,-5.8,-60
0.2,-4.8,-50
0.2,-4,-40
0.2,-3,-30
0.2,-2,-20
0.2,-1,-10
0.2,0.4,10
0.2,0.8,20
0.2,1.4,30
0.2,1.8,40
0.2,2.2,50
0.2,2.8,60
0.2,3.2,70
0.2,3.8,80
0.4,-5.8,-60
0.4,-4.8,-50
0.4,-4,-40
0.4,-3,-30
0.4,-2,-20
0.4,-1,-10
0.4,0.4,10
0.4,0.8,20
0.4,1.4,30
0.4,1.8,40
0.4,2.2,50
0.4,2.8,60
0.4,3.2,70
0.4,3.8,80
0.6,-5.8,-60
0.6,-4.8,-50
0.6,-4,-40
0.6,-3,-30
0.6,-2,-20
0.6,-1,-10
0.6,0.4,10
0.6,0.8,20
0.6,1.4,30
0.6,1.8,40
0.6,2.2,50
0.6,2.8,60
0.6,3.2,70
0.6,3.8,80
0.8,-5.8,-60
0.8,-4.8,-50
0.8,-4,-40
0.8,-3,-30
0.8,-2,-20
0.8,-1,-10
0.8,0.4,10
0.8,0.8,20
0.8,1.4,30
0.8,1.8,40
0.8,2.2,50
0.8,2.8,60
0.8,3.2,70
0.8,3.8,80
1,-5.8,-60
1,-4.8,-50
1,-4,-40
1,-3,-30
1,-2,-20
1,-1,-10
1,0.4,10
1,0.8,20
1,1.4,30
1,1.8,40
1,2.2,50
1,2.8,60
1,3.2,70
1,3.8,80
1.2,-5.8,-60
1.2,-4.8,-50
1.2,-4,-40
1.2,-3,-30
1.2,-2,-20
1.2,-1,-10
1.2,0.4,10
1.2,0.8,20
1.2,1.4,30
1.2,1.8,40
1.2,2.2,50
1.2,2.8,60
1.2,3.2,70
1.2,3.8,80
1.4,-5.8,-60
1.4,-4.8,-50
1.4,-4,-40
1.4,-3,-30
1.4,-2,-20
1.4,-1,-10
1.4,0.4,10
1.4,0.8,20
1.4,1.4,30
1.4,1.8,40
1.4,2.2,50
1.4,2.8,60
1.4,3.2,70
1.4,3.8,80
1.6,-5.8,-60
1.6,-4.8,-50
1.6,-4,-40
1.6,-3,-30
1.6,-2,-20
1.6,-1,-10
1.6,0.4,10
1.6,0.8,20
1.6,1.4,30
1.6,1.8,40
1.6,2.2,50
1.6,2.8,60
1.6,3.2,70
1.6,3.8,80
1.8,-5.8,-60
1.8,-4.8,-50
1.8,-4,-40
1.8,-3,-30
1.8,-2,-20
1.8,-1,-10
1.8,0.4,10
1.8,0.8,20
1.8,1.4,30
1.8,1.8,40
1.8,2.2,50
1.8,2.8,60
1.8,3.2,70
1.8,3.8,80
2,-5.8,-60
2,-4.8,-50
2,-4,-40
2,-3,-30
2,-2,-20
2,-1,-10
2,0.4,10
2,0.8,20
2,1.4,30
2,1.8,40
2,2.2,50
2,2.8,60
2,3.2,70
2,3.8,80
2.2,-5.8,-60
2.2,-4.8,-50
2.2,-4,-40
2.2,-3,-30
2.2,-2,-20
2.2,-1,-10
2.2,0.4,10
2.2,0.8,20
2.2,1.4,30
2.2,1.8,40
2.2,2.2,50
2.2,2.8,60
2.2,3.2,70
2.2,3.8,80
2.4,-5.8,-60
2.4,-4.8,-50
2.4,-4,-40
2.4,-3,-30
2.4,-2,-20
2.4,-1,-10
2.4,0.4,10
2.4,0.8,20
2.4,1.4,30
2.4,1.8,40
2.4,2.2,50
2.4,2.8,60
2.4,3.2,70
2.4,3.8,80
2.6,-5.8,-60
2.6,-4.8,-50
2.6,-4,-40
2.6,-3,-30
2.6,-2,-20
2.6,-1,-10
2.6,0.4,10
2.6,0.8,20
2.6,1.4,30
2.6,1.8,40
2.6,2.2,50
2.6,2.8,60
2.6,3.2,70
2.6,3.8,80
2.8,-5.8,-60
2.8,-4.8,-50
2.8,-4,-40
2.8,-3,-30
2.8,-2,-20
2.8,-1,-10
2.8,0.4,10
2.8,0.8,20
2.8,1.4,30
2.8,1.8,40
2.8,2.2,50
2.8,2.8,60
2.8,3.2,70
2.8,3.8,80
3,-5.8,-60
3,-4.8,-50
3,-4,-40
3,-3,-30
3,-2,-20
3,-1,-10
3,0.4,10
3,0.8,20
3,1.4,30
3,1.8,40
3,2.2,50
3,2.8,60
3,3.2,70
3,3.8,80
3.2,-5.8,-60
3.2,-4.8,-50
3.2,-4,-40
3.2,-3,-30
3.2,-2,-20
3.2,-1,-10
3.2,0.4,10
3.2,0.8,20
3.2,1.4,30
3.2,1.8,40
3.2,2.2,50
3.2,2.8,60
3.2,3.2,70
3.2,3.8,80
3.4,-5.8,-60
3.4,-4.8,-50
3.4,-4,-40
3.4,-3,-30
3.4,-2,-20
3.4,-1,-10
3.4,0.4,10
3.4,0.8,20
3.4,1.4,30
3.4,1.8,40
3.4,2.2,50
3.4,2.8,60
3.4,3.2,70
3.4,3.8,80
3.6,-5.8,-60
3.6,-4.8,-50
3.6,-4,-40
3.6,-3,-30
3.6,-2,-20
3.6,-1,-10
3.6,0.4,10
3.6,0.8,20
3.6,1.4,30
3.6,1.8,40
3.6,2.2,50
3.6,2.8,60
3.6,3.2,70
3.6,3.8,80
3.8,-5.8,-60
3.8,-4.8,-50
3.8,-4,-40
3.8,-3,-30
3.8,-2,-20
3.8,-1,-10
3.8,0.4,10
3.8,0.8,20
3.8,1.4,30
3.8,1.8,40
3.8,2.2,50
3.8,2.8,60
3.8,3.2,70
3.8,3.8,80
4,-5.8,-60
4,-4.8,-50
4,-4,-40
4,-3,-30
4,-2,-20
4,-1,-10
4,0.4,10
4,0.8,20
4,1.4,30
4,1.8,40
4,2.2,50
4,2.8,60
4,3.2,70
4,3.8,80
4.2,-5.8,-60
4.2,-4.8,-50
4.2,-4,-40
4.2,-3,-30
4.2,-2,-20
4.2,-1,-10
4.2,0.4,10
4.2,0.8,20
4.2,1.4,30
4.2,1.8,40
4.2,2.2,50
4.2,2.8,60
4.2,3.2,70
4.2,3.8,80
4.4,-5.8,-60
4.4,-4.8,-50
4.4,-4,-40
4.4,-3,-30
4.4,-2,-20
4.4,-1,-10
4.4,0.4,10
4.4,0.8,20
4.4,1.4,30
4.4,1.8,40
4.4,2.2,50
4.4,2.8,60
4.4,3.2,70
4.4,3.8,80
4.6,-5.8,-60
4.6,-4.8,-50
4.6,-4,-40
4.6,-3,-30
4.6,-2,-20
4.6,-1,-10
4.6,0.4,10
4.6,0.8,20
4.6,1.4,30
4.6,1.8,40
4.6,2.2,50
4.6,2.8,60
4.6,3.2,70
4.6,3.8,80
4.8,-5.8,-60
4.8,-4.8,-50
4.8,-4,-40
4.8,-3,-30
4.8,-2,-20
4.8,-1,-10
4.8,0.4,10
4.8,0.8,20
4.8,1.2,30
4.8,1.4,30
4.8,1.8,40
4.8,2.2,50
4.8,2.8,60
4.8,3.2,70
4.8,3.6,80
4.8,3.8,80
5,-5.8,-60
5,-4.8,-50
5,-4,-40
5,-3,-30
5,-2,-20
5,-1,-10
5,0.4,10
5,0.8,20
5,1.2,30
5,1.6,40
5,1.8,40
5,2.2,50
5,2.6,60
5,3,70
5,3.2,70
5,3.6,80
5.2,-5.8,-60
5.2,-4.8,-50
5.2,-4,-40
5.2,-3,-30
5.2,-2,-20
5.2,-1,-10
5.2,0.4,10
5.2,0.8,20
5.2,1.2,30
5.2,1.6,40
5.2,2,50
5.2,2.4,60
5.2,2.6,60
5.2,3,70
5.2,3.4,80
5.2,3.8,90
5.4,-5.8,-60
5.4,-4.8,-50
5.4,-4,-40
5.4,-3,-30
5.4,-2,-20
5.4,-1,-10
5.4,0.4,10
5.4,0.6,20
5.4,0.8,20
5.4,1.2,30
5.4,1.6,40
5.4,2,50
5.4,2.4,60
5.4,2.8,70
5.4,3.2,80
5.4,3.4,80
5.4,3.6,90
5.4,3.8,90
5.6,-5.8,-60
5.6,-4.8,-50
5.6,-4,-40
5.6,-3,-30
5.6,-2,-20
5.6,-1,-10
5.6,0.4,10
5.6,0.6,20
5.6,1,30
5.6,1.2,30
5.6,1.4,40
5.6,1.6,40
5.6,1.8,50
5.6,2,50
5.6,2.2,60
5.6,2.4,60
5.6,2.8,70
5.6,3.2,80
5.6,3.6,90
5.8,-5.8,-60
5.8,-4.8,-50
5.8,-4,-40
5.8,-3,-30
5.8,-2,-20
5.8,-1,-10
5.8,0.2,10
5.8,0.4,10
5.8,0.6,20
5.8,1,30
5.8,1.4,40
5.8,1.8,50
5.8,2.2,60
5.8,2.6,70
5.8,3,80
5.8,3.4,90
5.8,3.8,100
6,-5.8,-60
6,-4.8,-50
6,-4,-40
6,-3,-30
6,-2,-20
6,-1,-10
6,0.2,10
6,0.6,20
6,1,30
6,1.4,40
6,1.8,50
6,2.2,60
6,2.6,70
6,3,80
6,3.2,90
6,3.4,90
6,3.6,100
6,3.8,100
6.2,-5.8,-60
6.2,-4.8,-50
6.2,-4,-40
6.2,-3,-30
6.2,-2,-20
6.2,-1,-10
6.2,0.2,10
6.2,0.6,20
6.2,1,30
6.2,1.4,40
6.2,1.6,50
6.2,1.8,50
6.2,2,60
6.2,2.2,60
6.2,2.4,70
6.2,2.8,80
6.2,3.2,90
6.2,3.6,100
6.4,-5.8,-60
6.4,-4.8,-50
6.4,-4,-40
6.4,-3,-30
6.4,-2,-20
6.4,-1,-10
6.4,0.2,10
6.4,0.6,20
6.4,1,30
6.4,1.2,40
6.4,1.4,40
6.4,1.6,50
6.4,2,60
6.4,2.4,70
6.4,2.8,80
6.4,3,90
6.4,3.2,90
6.4,3.4,100
6.6,-5.8,-60
6.6,-4.8,-50
6.6,-4,-40
6.6,-3,-30
6.6,-2,-20
6.6,-1,-10
6.6,0.2,10
6.6,0.6,20
6.6,0.8,30
6.6,1,30
6.6,1.2,40
6.6,1.6,50
6.6,2,60
6.6,2.2,70
6.6,2.4,70
6.6,2.6,80
6.6,3,90
6.6,3.2,100
6.6,3.4,100
6.8,-5.8,-60
6.8,-4.8,-50
6.8,-4,-40
6.8,-3,-30
6.8,-2,-20
6.8,-1,-10
6.8,0.2,10
6.8,0.6,20
6.8,0.8,30
6.8,1.2,40
6.8,1.6,50
6.8,1.8,60
6.8,2,60
6.8,2.2,70
6.8,2.6,80
6.8,2.8,90
6.8,3,90
6.8,3.2,100
7,-5.8,-60
7,-4.8,-50
7,-4,-40
7,-3,-30
7,-2,-20
7,-1,-10
7,0.2,10
7,0.6,20
7,0.8,30
7,1.2,40
7,1.4,50
7,1.6,50
7,1.8,60
7,2.2,70
7,2.4,80
7,2.6,80
7,2.8,90
7,3,100
7,3.2,100
7.2,-5.8,-60
7.2,-4.8,-50
7.2,-4,-40
7.2,-3,-30
7.2,-2,-20
7.2,-1,-10
7.2,0.2,10
7.2,0.4,20
7.2,0.6,20
7.2,0.8,30
7.2,1.2,40
7.2,1.4,50
7.2,1.8,60
7.2,2,70
7.2,2.2,70
7.2,2.4,80
7.2,2.8,90
7.2,3,100
7.4,-5.8,-60
7.4,-4.8,-50
7.4,-4,-40
7.4,-3,-30
7.4,-2,-20
7.4,-1,-10
7.4,0.2,10
7.4,0.4,20
7.4,0.8,30
7.4,1,40
7.4,1.2,40
7.4,1.4,50
7.4,1.6,60
7.4,1.8,60
7.4,2,70
7.4,2.4,80
7.4,2.6,90
7.4,3,100
7.6,-5.8,-60
7.6,-4.8,-50
7.6,-4,-40
7.6,-3,-30
7.6,-2,-20
7.6,-1,-10
7.6,0.2,10
7.6,0.4,20
7.6,0.8,30
7.6,1,40
7.6,1.4,50
7.6,1.6,60
7.6,2,70
7.6,2.2,80
7.6,2.4,80
7.6,2.6,90
7.6,2.8,100
7.8,-5.8,-60
7.8,-4.8,-50
7.8,-4,-40
7.8,-3,-30
7.8,-2,-20
7.8,-1,-10
7.8,0.2,10
7.8,0.4,20
7.8,0.8,30
7.8,1,40
7.8,1.4,50
7.8,1.6,60
7.8,1.8,70
7.8,2,70
7.8,2.2,80
7.8,2.4,90
7.8,2.6,90
7.8,2.8,100
8,-5.8,-60
8,-4.8,-50
8,-4,-40
8,-3,-30
8,-2,-20
8,-1,-10
8,0.2,10
8,0.4,20
8,0.8,30
8,1,40
8,1.2,50
8,1.4,50
8,1.6,60
8,1.8,70
8,2.2,80
8,2.4,90
8,2.6,100
8,2.8,100
8.2,-5.8,-60
8.2,-4.8,-50
8.2,-4,-40
8.2,-3,-30
8.2,-2,-20
8.2,-1,-10
8.2,0.2,10
8.2,0.4,20
8.2,0.6,30
8.2,0.8,30
8.2,1,40
8.2,1.2,50
8.2,1.6,60
8.2,1.8,70
8.2,2,80
8.2,2.2,80
8.2,2.4,90
8.2,2.6,100
8.4,-5.8,-60
8.4,-4.8,-50
8.4,-4,-40
8.4,-3,-30
8.4,-2,-20
8.4,-1,-10
8.4,0.2,10
8.4,0.4,20
8.4,0.6,30
8.4,1,40
8.4,1.2,50
8.4,1.4,60
8.4,1.6,60
8.4,1.8,70
8.4,2,80
8.4,2.2,90
8.4,2.4,90
8.4,2.6,100
8.6,-5.8,-60
8.6,-4.8,-50
8.6,-4,-40
8.6,-3,-30
8.6,-2,-20
8.6,-1,-10
8.6,0.2,10
8.6,0.4,20
8.6,0.6,30
8.6,1,40
8.6,1.2,50
8.6,1.4,60
8.6,1.8,70
8.6,2,80
8.6,2.2,90
8.6,2.4,100
8.6,2.6,100
8.8,-5.8,-60
8.8,-4.8,-50
8.8,-4,-40
8.8,-3,-30
8.8,-2,-20
8.8,-1,-10
8.8,0.2,10
8.8,0.4,20
8.8,0.6,30
8.8,0.8,40
8.8,1,40
8.8,1.2,50
8.8,1.4,60
8.8,1.6,70
8.8,2,80
8.8,2.2,90
8.8,2.4,100
9,-5.8,-60
9,-4.8,-50
9,-4,-40
9,-3,-30
9,-2,-20
9,-1,-10
9,0.2,10
9,0.4,20
9,0.6,30
9,0.8,40
9,1.2,50
9,1.4,60
9,1.6,70
9,1.8,80
9,2,80
9,2.2,90
9,2.4,100
9.2,-5.8,-60
9.2,-4.8,-50
9.2,-4,-40
9.2,-3,-30
9.2,-2,-20
9.2,-1,-10
9.2,0.2,10
9.2,0.4,20
9.2,0.6,30
9.2,0.8,40
9.2,1,50
9.2,1.2,50
9.2,1.4,60
9.2,1.6,70
9.2,1.8,80
9.2,2,90
9.2,2.2,90
9.2,2.4,100
9.4,-5.8,-60
9.4,-4.8,-50
9.4,-4,-40
9.4,-3,-30
9.4,-2,-20
9.4,-1,-10
9.4,0,10
9.4,0.2,10
9.4,0.4,20
9.4,0.6,30
9.4,0.8,40
9.4,1,50
9.4,1.4,60
9.4,1.6,70
9.4,1.8,80
9.4,2,90
9.4,2.2,100
9.4,2.4,100
9.6,-5.8,-60
9.6,-4.8,-50
9.6,-4,-40
9.6,-3,-30
9.6,-2,-20
9.6,-1,-10
9.6,0,10
9.6,0.4,20
9.6,0.6,30
9.6,0.8,40
9.6,1,50
9.6,1.2,60
9.6,1.6,70
9.6,1.8,80
9.6,2,90
9.6,2.2,100
9.8,-5.8,-60
9.8,-4.8,-50
9.8,-4,-40
9.8,-3,-30
9.8,-2,-20
9.8,-1,-10
9.8,0,10
9.8,0.4,20
9.8,0.6,30
9.8,0.8,40
9.8,1,50
9.8,1.2,60
9.8,1.4,70
9.8,1.6,70
9.8,1.8,80
9.8,2,90
9.8,2.2,100
10,-5.8,-60
10,-4.8,-50
10,-4,-40
10,-3,-30
10,-2,-20
10,-1,-10
10,0,10
10,0.4,20
10,0.6,30
10,0.8,40
10,1,50
10,1.2,60
10,1.4,70
10,1.6,80
10,1.8,90
10,2,90
10,2.2,100
10.2,-5.8,-60
10.2,-4.8,-50
10.2,-4,-40
10.2,-3,-30
10.2,-2,-20
10.2,-1,-10
10.2,0,10
10.2,0.4,20
10.2,0.6,30
10.2,0.8,40
10.2,1,50
10.2,1.2,60
10.2,1.4,70
10.2,1.6,80
10.2,1.8,90
10.2,2,100
10.2,2.2,100
10.4,-5.8,-60
10.4,-4.8,-50
10.4,-4,-40
10.4,-3,-30
10.4,-2,-20
10.4,-1,-10
10.4,0,10
10.4,0.2,20
10.4,0.4,20
10.4,0.6,30
10.4,0.8,40
10.4,1,50
10.4,1.2,60
10.4,1.4,70
10.4,1.6,80
10.4,1.8,90
10.4,2,100
10.6,-5.8,-60
10.6,-4.8,-50
10.6,-4,-40
10.6,-3,-30
10.6,-2,-20
10.6,-1,-10
10.6,0,10
10.6,0.2,20
10.6,0.4,30
10.6,0.6,30
10.6,0.8,40
10.6,1,50
10.6,1.2,60
10.6,1.4,70
10.6,1.6,80
10.6,1.8,90
10.6,2,100
10.8,-5.8,-60
10.8,-4.8,-50
10.8,-4,-40
10.8,-3,-30
10.8,-2,-20
10.8,-1,-10
10.8,0,10
10.8,0.2,20
10.8,0.4,30
10.8,0.6,40
10.8,0.8,40
10.8,1,50
10.8,1.2,60
10.8,1.4,70
10.8,1.6,80
10.8,1.8,90
10.8,2,100
11,-5.8,-60
11,-4.8,-50
11,-4,-40
11,-3,-30
11,-2,-20
11,-1,-10
11,0,10
11,0.2,20
11,0.4,30
11,0.6,40
11,0.8,50
11,1,50
11,1.2,60
11,1.4,70
11,1.6,80
11,1.8,90
11,2,100
11.2,-5.8,-60
11.2,-4.8,-50
11.2,-4,-40
11.2,-3,-30
11.2,-2,-20
11.2,-1,-10
11.2,0,10
11.2,0.2,20
11.2,0.4,30
11.2,0.6,40
11.2,0.8,50
11.2,1,60
11.2,1.2,70
11.2,1.4,80
11.2,1.6,90
11.2,1.8,90
11.2,2,100
11.4,-5.8,-60
11.4,-4.8,-50
11.4,-4,-40
11.4,-3,-30
11.4,-2,-20
11.4,-1,-10
11.4,0,10
11.4,0.2,20
11.4,0.4,30
11.4,0.6,40
11.4,0.8,50
11.4,1,60
11.4,1.2,70
11.4,1.4,80
11.4,1.6,90
11.4,1.8,100
11.6,-5.8,-60
11.6,-4.8,-50
11.6,-4,-40
11.6,-3,-30
11.6,-2,-20
11.6,-1,-10
11.6,0,10
11.6,0.2,20
11.6,0.4,30
11.6,0.6,40
11.6,0.8,50
11.6,1,60
11.6,1.2,70
11.6,1.4,80
11.6,1.6,90
11.6,1.8,100
11.8,-5.8,-60
11.8,-4.8,-50
11.8,-4,-40
11.8,-3,-30
11.8,-2,-20
11.8,-1,-10
11.8,0,10
11.8,0.2,20
11.8,0.4,30
11.8,0.6,40
11.8,0.8,50
11.8,1,60
11.8,1.2,70
11.8,1.4,80
11.8,1.6,90
11.8,1.8,100
12,-5.8,-60
12,-4.8,-50
12,-4,-40
12,-3,-30
12,-2,-20
12,-1,-10
12,0,10
12,0.2,20
12,0.4,30
12,0.6,40
12,0.8,50
12,1,60
12,1.2,70
12,1.4,80
12,1.6,90
12,1.8,100
12.2,-5.8,-60
12.2,-4.8,-50
12.2,-4,-40
12.2,-3,-30
12.2,-2,-20
12.2,-1,-10
12.2,0,10
12.2,0.2,20
12.2,0.4,30
12.2,0.6,40
12.2,0.8,50
12.2,1,60
12.2,1.2,70
12.2,1.4,80
12.2,1.6,90
12.2,1.8,100
12.4,-5.8,-60
12.4,-4.8,-50
12.4,-4,-40
12.4,-3,-30
12.4,-2,-20
12.4,-1,-10
12.4,0,10
12.4,0.2,20
12.4,0.4,30
12.4,0.6,40
12.4,0.8,50
12.4,1,60
12.4,1.2,70
12.4,1.4,80
12.4,1.6,100
12.4,1.8,100
12.6,-5.8,-60
12.6,-4.8,-50
12.6,-4,-40
12.6,-3,-30
12.6,-2,-20
12.6,-1,-10
12.6,0,10
12.6,0.2,20
12.6,0.4,30
12.6,0.6,40
12.6,0.8,50
12.6,1,60
12.6,1.2,70
12.6,1.4,80
12.6,1.6,100
12.8,-5.8,-60
12.8,-4.8,-50
12.8,-4,-40
12.8,-3,-30
12.8,-2,-20
12.8,-1,-10
12.8,0,10
12.8,0.2,20
12.8,0.4,30
12.8,0.6,40
12.8,0.8,50
12.8,1,60
12.8,1.2,70
12.8,1.4,90
12.8,1.6,100
13,-5.8,-60
13,-4.8,-50
13,-4,-40
13,-3,-30
13,-2,-20
13,-1,-10
13,0,10
13,0.2,20
13,0.4,30
13,0.6,40
13,0.8,50
13,1,60
13,1.2,80
13,1.4,90
13,1.6,100
13.2,-5.8,-60
13.2,-4.8,-50
13.2,-4,-40
13.2,-3,-30
13.2,-2,-20
13.2,-1,-10
13.2,0,10
13.2,0.2,20
13.2,0.4,30
13.2,0.6,40
13.2,0.8,50
13.2,1,70
13.2,1.2,80
13.2,1.4,90
13.2,1.6,100
13.4,-5.8,-60
13.4,-4.8,-50
13.4,-4,-40
13.4,-3,-30
13.4,-2,-20
13.4,-1,-10
13.4,0,10
13.4,0.2,20
13.4,0.4,30
13.4,0.6,40
13.4,0.8,50
13.4,1,70
13.4,1.2,80
13.4,1.4,90
13.4,1.6,100
13.6,-5.8,-60
13.6,-4.8,-50
13.6,-4,-40
13.6,-3,-30
13.6,-2,-20
13.6,-1,-10
13.6,0,10
13.6,0.2,20
13.6,0.4,30
13.6,0.6,40
13.6,0.8,60
13.6,1,70
13.6,1.2,80
13.6,1.4,90
13.6,1.6,100
13.8,-5.8,-60
13.8,-4.8,-50
13.8,-4,-40
13.8,-3,-30
13.8,-2,-20
13.8,-1,-10
13.8,0,10
13.8,0.2,20
13.8,0.4,30
13.8,0.6,40
13.8,0.8,60
13.8,1,70
13.8,1.2,80
13.8,1.4,90
13.8,1.6,100
14,-5.8,-60
14,-4.8,-50
14,-4,-40
14,-3,-30
14,-2,-20
14,-1,-10
14,0,10
14,0.2,20
14,0.4,30
14,0.6,40
14,0.8,60
14,1,70
14,1.2,80
14,1.4,90
14.2,-5.8,-60
14.2,-4.8,-50
14.2,-4,-40
14.2,-3,-30
14.2,-2,-20
14.2,-1,-10
14.2,0,10
14.2,0.2,20
14.2,0.4,30
14.2,0.6,50
14.2,0.8,60
14.2,1,70
14.2,1.2,80
14.2,1.4,90
14.4,-5.8,-60
14.4,-4.8,-50
14.4,-4,-40
14.4,-3,-30
14.4,-2,-20
14.4,-1,-10
14.4,0,10
14.4,0.2,20
14.4,0.4,30
14.4,0.6,50
14.4,0.8,60
14.4,1,70
14.4,1.2,80
14.4,1.4,100
14.6,-5.8,-60
14.6,-4.8,-50
14.6,-4,-40
14.6,-3,-30
14.6,-2,-20
14.6,-1,-10
14.6,0,10
14.6,0.2,20
14.6,0.4,30
14.6,0.6,50
14.6,0.8,60
14.6,1,70
14.6,1.2,80
14.6,1.4,100
14.8,-5.8,-60
14.8,-4.8,-50
14.8,-4,-40
14.8,-3,-30
14.8,-2,-20
14.8,-1,-10
14.8,0,10
14.8,0.2,20
14.8,0.4,30
14.8,0.6,50
14.8,0.8,60
14.8,1,70
14.8,1.2,90
14.8,1.4,100
15,-5.8,-60
15,-4.8,-50
15,-4,-40
15,-3,-30
15,-2,-20
15,-1,-10
15,0,10
15,0.2,20
15,0.4,30
15,0.6,50
15,0.8,60
15,1,80
15,1.2,90
15,1.4,100
15.2,-5.8,-60
15.2,-4.8,-50
15.2,-4,-40
15.2,-3,-30
15.2,-2,-20
15.2,-1,-10
15.2,0.2,20
15.2,0.4,40
15.2,0.6,50
15.2,0.8,60
15.2,1,80
15.2,1.2,90
15.4,-5.8,-60
15.4,-5,-55
15.4,-4.8,-50
15.4,-4,-40
15.4,-3,-30
15.4,-2,-20
15.4,-1,-10
15.4,0,20
15.4,0.2,30
15.4,0.4,40
15.4,0.6,60
15.4,0.8,70
15.4,1,90
15.6,-5.8,-60
15.6,-5,-50
15.6,-4,-40
15.6,-3,-30
15.6,-2,-20
15.6,-1.2,-15
15.6,-1,-10
15.6,0,20
15.6,0.2,30
15.6,0.4,50
15.6,0.6,70
15.6,0.8,80
15.6,1,100
15.8,-5.8,-60
15.8,-5,-50
15.8,-4,-40
15.8,-3,-30
15.8,-2,-20
15.8,-1.2,-10
15.8,0,30
15.8,0.2,35
15.8,0.4,50
15.8,0.6,80
15.8,0.8,100
16,-4.4,-100
16,-4,-90
16,-3.6,-80
16,-3.2,-70
16,-3,-60
16,-2.6,-50
16,-2.2,-30
16,-2,-20
16,-1.8,-40
16,-1.2,-10
16,-0.8,-20
16,-0.2,-10
16,0,30
16,0.2,40
16,0.4,70
16,0.6,100
